32770
34783
34784
34785
35269
36069
36082
36086
36088
36090
36091
36092
36371
36372
36373
36374
37003
37004
37012
37065
37093
37179
37211
37213
37215
37219
37225
37229
37266
37267
37272
37274
37275
37276
37278
37280
37282
37283
37284
37285
37286
37287
37288
37289
37303
37304
37322
37323
37325
37326
37327
37328
37329
37330
37331
37332
37335
37358
37361
37365
37366
37384
37385
37404
37506
37568
37569
37620
37621
37622
37627
37730
37731
37743
37744
37745
37746
37747
37748
37749
37750
37751
37765
37766
37772
37786
37825
37841
37863
37864
37865
37866
37868
37879
37880
37881
37883
37886
37888
37890
37928
37962
37964
37965
37966
37967
37968
37969
37972
37991
37992
38009
38035
38094
38096
38110
38111
38112
38261
38290
38291
38292
38293
38294
38295
38296
38297
38464
38492
38493
38494
38495
38496
38497
38498
38554
38557
38559
38562
38564
38631
38635
38636
38637
38638
38639
38640
38641
38642
38643
38644
38645
38646
38741
38753
38781
39009
39010
39011
39012
39025
39026
39027
39028
39029
39050
39106
39107
39108
39109
39123
39124
39142
39150
39152
39157
39158
39159
39160
39164
39165
39166
39168
39179
39180
39181
39182
39202
39208
39245
39247
39295
39296
39298
39344
39345
39349
39353
39355
39358
39359
39360
39361
39368
39369
39370
39371
39372
39381
39441
39442
39443
39444
39445
39447
39459
39460
39461
39462
39463
39495
39496
39497
39498
39499
39505
39507
39534
39549
39550
39572
39573
39579
39636
39637
39638
39639
39640
39641
39642
39643
39645
39646
39647
39648
39649
39677
39678
39729
39730
39749
39751
39752
39768
39769
39869
39870
39878
39879
39880
39890
39891
39892
39893
39922
39923
39924
39925
39926
39927
39928
39929
39930
39946
39950
39967
39993
40017
40051
40052
40066
40067
40117
40118
40119
40171
40172
40176
40179
40184
40194
40195
40261
40296
40298
40311
40312
40349
40356
40358
40359
40360
40443
40447
40448
40449
40450
40550
40583
40584
40585
40601
40602
40608
40614
40631
40632
40636
40660
40661
40662
40663
40666
40746
40835
40836
40841
40842
40843
40844
40845
40846
40847
40848
40876
40877
40892
40893
40900
40906
40915
40920
40921
40922
40923
40926
40982
40984
40985
40986
40987
40988
40989
40990
40991
40992
40993
40994
41075
41081
41084
41086
41087
41090
41098
41104
41105
41106
41107
41108
41109
41110
41111
41140
41141
41154
41178
41216
41246
41271
41272
41275
41339
41357
41359
41360
41458
41465
41466
41484
41486
41493
41509
41521
41704
41729
41732
41926
41927
41929
41930
41969
41970
41984
41985
41997
42025
42035
42036
42040
42041
42042
42043
42044
42045
42046
42155
42156
42179
42186
42192
42193
42194
42211
42224
42226
42237
42250
42268
42322
42323
42324
42325
42326
42327
42328
42329
42330
42331
42332
42333
42365
42370
42372
42386
42432
42435
42468
42500
42501
42545
42575
42576
42606
42629
42631
42632
42633
42634
42638
42652
42707
42708
42721
42727
42822
42823
42836
42839
42840
42841
42844
42863
42882
42897
42936
42940
42943
42961
42962
42963
42974
42986
42998
42999
43011
43096
43149
43188
43189
43190
43208
43296
43385
43386
43387
43388
43389
43390
43391
43392
43393
43394
43397
43399
43437
43439
43551
43554
43555
43582
43584
43594
43650
43651
43655
43663
43664
43665
43689
43690
43747
43748
43766
43769
43780
43849
43850
43851
43852
43853
43858
43860
43868
43932
43959
43960
43988
43993
43994
43995
43999
44000
44001
44011
44016
44025
44027
44037
44038
44040
44041
44042
44057
44058
44059
44060
44061
44062
44063
44064
44065
44096
44098
44100
44102
44104
44106
44110
44111
44188
44234
44314
44315
44374
44375
44379
44380
44381
44382
44384
44395
44396
44397
44398
44399
44400
44447
44494
44498
44504
44508
44622
44623
44624
44629
44633
44710
44739
44740
44804
44819
44874
44899
44900
44901
44902
44903
44908
44910
44912
44917
44921
44948
44949
44950
44951
44952
44998
45007
45008
45009
45030
45090
45132
45136
45139
45169
45333
45364
45370
45404
45408
45409
45410
45411
45412
45413
45512
45513
45514
45515
45517
45550
45562
45611
45612
45613
45616
45617
45618
45619
45620
45803
45813
45814
45945
46259
46260
46261
46262
46263
46264
46265
46458
46459
46460
46461
46462
46463
46474
46519
46522
46526
46527
46528
46529
46540
46543
46579
46583
46602
46647
46648
46649
46665
46780
46810
46840
46928
47076
47087
47088
47089
47094
47095
47096
47097
47098
47564
47565
47567
47568
47687
47732
47733
47748
47774
47775
47845
47850
47851
47852
47854
47877
47918
47984
48013
48028
48029
48030
48031
48123
48124
48131
48132
48133
48223
48224
48270
48335
48336
48338
48339
48340
48341
48342
48345
48346
48355
48367
48368
48415
48416
48417
48418
48419
48420
48421
48479
48495
48551
48552
48553
48554
48555
48556
48557
48558
48559
48699
48760
48876
48940
48941
48942
48943
48944
48945
48947
48949
48951
48956
49089
49105
49160
49161
49163
49166
49167
49208
49256
49315
49316
49317
49318
49374
49375
49376
49377
49378
49379
49380
49382
49383
49384
49415
49418
49419
49420
49421
49423
49424
49528
49529
49543
49544
49545
49546
49547
49548
49549
49742
49794
49848
49852
49860
49861
49867
49869
49871
49883
49884
49888
49889
49890
49891
49899
49900
49901
49902
49911
50081
50098
50112
50113
50114
50283
50307
50308
50410
50428
50430
50450
50649
50650
50656
50657
50658
50659
50704
50725
50739
50741
50879
50880
50881
50882
51009
51010
51011
51012
51013
51014
51015
51016
51017
51139
51140
51141
51142
51316
51328
51329
51331
51332
51333
51334
51335
51351
51354
51355
51360
51362
51404
51490
51491
51492
51494
51508
51509
51510
51511
51637
51638
51639
51640
51641
51642
51643
51647
51648
51649
51651
51652
51653
51654
51660
51700
51701
51702
51703
51704
51705
51797
51806
51807
51808
51809
51884
51910
52058
52070
52071
52072
52073
52074
52075
52134
52135
52136
52137
52138
52139
52140
52141
52147
52251
52409
52410
52411
52412
52562
52563
52564
52565
52581
52733
52734
52857
52858
52860
52862
52970
53048
53090
53091
53117
53118
53119
53120
53121
53122
53123
53124
53125
53126
53142
53159
53404
53405
53406
53427
53428
53429
53430
53431
53432
53433
53434
53435
53438
53439
53449
53520
53581
53748
53749
53750
53754
53755
53757
53800
53835
53836
53858
53882
53884
53885
53886
53888
53889
53890
53920
53949
54136
54137
54161
54162
54212
54215
54226
54227
54228
54229
54230
54431
54467
54468
54469
54470
54471
54674
54679
54725
54755
54757
54759
54820
55031
55038
55039
55040
55052
55092
55093
55094
55095
55177
55178
55262
55276
55277
55278
55280
55352
55353
55354
55363
55401
55410
55426
55427
55428
55429
55439
55440
55448
55506
55536
55559
55570
55575
55577
55580
55583
55584
55657
55659
55660
55772
55914
55921
55922
55932
55956
55963
56029
56047
56093
56094
56096
56099
56101
56103
56104
56105
56106
56107
56108
56109
56117
56264
56265
56266
56482
56485
56486
56496
56497
56498
56499
56523
56524
56526
56534
56535
56537
56539
56592
56621
56630
56636
56637
56638
56639
56735
56795
56803
56804
56891
56892
56933
56934
56954
56955
56956
56979
56982
56988
57053
57079
57080
57081
57082
57083
57084
57085
57106
57140
57177
57178
57179
57180
57181
57191
57253
57254
57255
57256
57330
57331
57332
57353
57354
57355
57356
57357
57416
57418
57419
57420
57421
57422
57423
57428
57429
57463
57464
57467
57468
57469
57500
57587
57656
57657
57658
57659
57713
57714
57800
57809
57810
57811
57812
57827
57854
57896
57897
57908
57909
57910
57937
57942
57945
57948
57991
57993
58007
58008
58009
58010
58011
58012
58020
58021
58035
58051
58052
58053
58054
58055
58069
58070
58072
58111
58112
58113
58124
58167
58238
58261
58266
58306
58392
58393
58395
58439
58564
58708
58734
58735
58874
58876
58877
58878
58879
58886
58933
58938
58961
58982
59052
59061
59079
59080
59081
59082
59083
59125
59126
59127
59128
59158
59197
59226
59228
59229
59230
59285
59297
59299
59301
59333
59375
59376
59440
59492
59494
59497
59546
59559
59560
59703
59704
59705
59706
59707
59708
59709
59710
59715
59747
59748
59749
59750
59751
59752
59753
59756
59757
59758
59760
59764
59766
59767
59769
59770
59771
59849
59936
59941
59942
60094
60099
60100
60101
60170
60171
60172
60246
60260
60261
60262
60264
60265
60266
60269
60270
60271
60273
60274
60275
60276
60277
60278
60328
60364
60507
60511
60512
60513
60514
60515
60516
60517
60550
60554
60568
60583
60584
60604
60682
60683
60700
60716
60745
60843
60844
60845
60847
60848
60861
60862
60863
60866
60880
60916
60918
60927
60941
60955
61039
61083
61085
61136
61181
61192
61193
61194
61195
61196
61197
61198
61199
61200
61201
61242
61256
61258
61384
61413
61418
61431
61432
61433
61434
61435
61457
61458
61459
61460
61461
61462
61463
61464
61583
61585
61633
61668
61669
61755
61757
61759
61761
61762
61767
61792
62100
62286
62287
62288
62414
62415
62454
62570
62571
62572
62587
62592
62593
62860
62880
62987
62989
62990
62991
62992
62998
63052
63053
63054
63055
63057
63234
63244
63245
63277
63403
63422
63423
63424
63445
63446
63447
63448
63449
63450
63451
63452
63461
63462
63466
63474
63497
63516
63535
63556
63557
63558
63614
63709
63769
63785
63788
63871
64121
64194
64316
64329
64444
64573
64574
64575
64576
64577
64578
64579
64710
64764
64821
64824
64891
64957
64983
64988
64989
64990
64991
64992
65002
65003
65004
65033
65141
65143
65144
65149
65150
65279
65281
65282
65301
65394
65395
65399
65400
65401
65402
65414
65443
65444
65504
65509
65559
65560
65561
65562
65563
65564
65582
65583
65584
65585
65586
65587
65588
65603
65604
65607
65608
65609
65610
65611
65612
65614
65615
65616
65617
65618
65619
65633
65634
65641
65642
65643
65644
65754
65755
65756
65757
65758
65778
65779
65904
65942
66108
66112
66121
66478
66479
66480
66481
66482
66483
66484
66485
66486
66566
66611
66678
66773
66783
66870
66902
66964
66965
67005
67120
67121
67122
67223
67285
67331
67334
67408
67497
67501
67516
67523
67524
67550
67551
67564
67566
67608
67785
67786
67792
67817
67821
67855
67856
67857
67858
67885
67888
67889
67890
67891
67893
67919
67923
67924
67925
67926
67927
67928
67929
67982
67983
67984
67985
67986
67987
67988
67989
67990
67991
67992
67993
67994
68197
68199
68203
68215
68216
68246
68247
68248
68249
68250
68251
68254
68255
68256
68334
68335
68370
68371
68372
68380
68381
68382
68415
68416
68454
68455
68500
68501
68504
68509
68510
68511
68595
68645
68646
68647
68648
68649
68651
68653
68654
68655
68656
68658
68659
68661
68662
68679
68706
68718
68719
68730
68731
68742
68743
68812
68813
68814
68933
68934
68935
69056
69057
69058
69078
69079
69085
69088
69089
69090
69091
69092
69107
69108
69109
69128
69131
69220
69257
69259
69260
69261
69264
69265
69266
69267
69268
69325
69399
69402
69403
69404
69405
69406
69534
69537
69547
69548
69549
69660
69685
69689
69693
69694
69696
69697
69701
69702
69705
69707
69729
69730
69880
69883
69896
69899
69902
69910
69915
69917
69928
69930
69931
69932
69940
69945
69950
69951
69965
69976
69978
69979
69980
69981
69982
69983
69984
69985
69986
69987
69988
70023
70024
70043
70044
70045
70046
70049
70057
70058
70059
70060
70065
70066
70067
70069
70114
70368
70369
70370
70371
70372
70373
70374
70376
70377
70379
70380
70381
70558
70559
70561
70562
70563
70564
70565
70614
70823
70829
70830
70831
70832
70833
70834
70835
70836
70837
70838
70839
70840
70869
70921
70922
70923
70942
70943
70944
71041
71046
71260
71261
71263
71264
71265
71266
71277
71307
71316
71328
71329
71330
71331
71382
71383
71391
71461
71462
71709
71710
71711
71712
71722
71760
71761
71762
71763
71764
71768
71919
71920
71987
71988
71990
71992
71995
71999
72000
72001
72014
72087
72093
72094
72095
72096
72097
72100
72101
72107
72158
72189
72190
72191
72203
72211
72212
72213
72214
72215
72216
72217
72223
72224
72225
72226
72227
72228
72286
72317
72318
72320
72321
72323
72324
72326
72327
72329
72330
72332
72333
72337
72347
72348
72361
72363
72381
72419
72581
72582
72598
72599
72600
72601
72602
72603
72604
72607
72608
72611
72612
72613
72658
72665
72666
72668
72669
72670
72671
72760
72780
72798
72869
72870
72879
72881
72896
72947
72948
72960
73068
73075
73081
73082
73083
73084
73085
73086
73088
73089
73090
73101
73133
73134
73135
73152
73153
73154
73155
73156
73157
73158
73160
73161
73162
73163
73164
73177
73183
73184
73236
73265
73266
73268
73269
73271
73339
73400
73409
73410
73412
73413
73414
73416
73417
73427
73428
73430
73431
73432
73435
73443
73444
73445
73446
73448
73453
73464
73470
73471
73473
73474
73486
73700
73736
73737
73738
73739
73764
73782
73783
73784
73785
73866
73867
73868
73876
73877
73932
73933
73934
73986
73998
74107
74126
74150
74151
74152
74154
74155
74157
74439
74447
74448
74449
74454
74455
74457
74458
74461
74462
74463
74468
74470
74471
74492
74494
74495
74496
74497
74500
74543
74599
74600
74641
74642
74659
74660
74681
74690
74730
74767
74780
74804
74890
74932
74933
74934
74944
75057
75090
75092
75097
75098
75101
75103
75106
75113
75114
75115
75116
75117
75118
75119
75121
75122
75124
75133
75142
75147
75181
75232
75269
75270
75277
75279
75282
75283
75357
75359
75360
75361
75493
75496
75549
75622
75623
75650
75651
75652
75653
75654
75655
75656
75657
75658
75659
75660
75661
75662
75663
75665
75667
75699
75810
75845
75848
75851
75893
75894
75915
75946
75947
75976
75977
75984
75986
75988
75989
75991
75992
75993
75994
76051
76052
76053
76054
76055
76056
76057
76106
76143
76192
76198
76199
76200
76202
76204
76205
76206
76207
76255
76277
76291
76391
76475
76477
76538
76539
76540
76541
76572
76573
76579
76581
76678
76679
76680
76681
76682
76683
76684
76685
76708
76710
76712
76713
76714
76715
76716
76719
76723
76724
76755
76756
76778
76894
76897
76898
76899
76900
76901
76902
76903
76905
76906
76907
76908
76947
76948
77011
77013
77014
77015
77016
77017
77019
77020
77021
77166
77167
77168
77169
77171
77185
77190
77245
77280
77319
77335
77336
77340
77342
77343
77344
77458
77461
77462
77463
77472
77474
77475
77476
77477
77508
77513
77596
77597
77796
77844
77912
77916
77917
77918
77919
77920
77921
77922
77926
77927
77928
77929
77930
77931
77932
77933
77934
77935
77936
77937
77938
77939
77940
77941
77942
77943
77944
77945
77946
77947
77948
77949
77950
77951
78023
78024
78026
78027
78028
78211
78224
78226
78227
78251
78253
78295
78298
78319
78322
78323
78324
78325
78327
78328
78329
78350
78351
78352
78481
78534
78535
78618
78659
78661
78671
78733
78736
78737
78738
78794
78894
78895
78896
78944
78946
78954
78970
78976
78979
79073
79076
79177
79182
79183
79184
79185
79186
79187
79188
79189
79190
79191
79193
79194
79195
79196
79197
79200
79201
79202
79239
79241
79279
79357
79361
79427
79428
79443
79556
79729
79741
79774
79810
79828
79851
79861
79935
79936
79937
79938
79939
79940
79954
79955
79956
79957
79958
79959
79960
79961
80020
80084
80085
80086
80087
80159
80209
80352
80353
80354
80355
80356
80357
80358
80359
80360
80361
80363
80364
80365
80366
80367
80368
80369
80370
80410
80414
80516
80557
80561
80597
80603
80604
80609
80650
80655
80657
80746
80748
80750
80751
80752
80755
80756
80757
80758
80759
80760
80761
80764
80769
80904
80908
80937
80938
80939
80940
80941
80942
80945
81080
81082
81090
81109
81110
81111
81121
81122
81124
81129
81130
81131
81132
81133
81137
81139
81140
81141
81145
81147
81148
81149
81150
81151
81152
81162
81163
81181
81182
81208
81209
81221
81223
81259
81260
81261
81263
81264
81265
81267
81290
81291
81292
81307
81308
81309
81310
81313
81366
81368
81369
81454
81528
81568
81589
81590
81635
81636
81637
81762
81776
81877
81878
81919
81936
81951
82036
82058
82059
82063
82170
82183
82236
82237
82256
82257
82323
82324
82325
82326
82377
82378
82379
82380
82392
82394
82397
82407
82468
82469
82471
82526
82536
82537
82539
82660
82663
82664
82667
82668
82675
82722
82740
82776
82803
82891
82892
83002
83003
83004
83005
83006
83022
83023
83024
83166
83167
83204
83229
83255
83256
83416
83429
83490
83491
83550
83577
83597
83598
83646
83647
83649
83650
83651
83676
83677
83678
83715
83716
83719
83720
83814
83815
83835
83852
83855
84020
84021
84022
84023
84024
84030
84032
84033
84042
84130
84131
84162
84319
84320
84321
84508
84510
84511
84512
84612
84614
84615
84616
84617
84618
84619
84620
84621
84622
84623
84624
84625
84626
84639
84640
84641
84642
84698
84736
84737
84757
84758
84781
84914
84915
84916
84917
84918
84929
84930
84931
84942
84943
84975
84977
84978
84986
84987
84990
84993
84997
85069
85112
85113
85114
85116
85152
85379
85430
85440
85493
85495
85534
85540
85550
85580
85659
85699
85758
85770
85774
85798
85799
85826
85860
85881
85882
85886
85887
86056
86127
86160
86163
86164
86235
86236
86238
86239
86240
86241
86242
86379
86593
86848
86849
87043
87075
87077
87151
87183
87296
87355
87370
87391
87392
87393
87395
87397
87398
87429
87430
87431
87432
87519
87520
87521
87522
87599
87601
87602
87603
87657
87659
87660
87687
87688
87689
87690
87718
87721
87825
88024
88053
88147
88148
88381
88382
88383
88384
88564
88565
88566
88567
88568
88572
88577
88578
88579
88580
88581
88614
88615
88616
88626
88628
88654
88720
88855
88953
88991
89163
89221
89266
89415
89416
89417
89418
89420
89421
89422
89448
89449
89451
89474
89517
89518
89519
89523
89525
89527
89528
89535
89538
89539
89540
89541
89542
89634
89855
89895
89911
89912
89913
89914
90064
90088
90089
90207
90223
90224
90225
90226
90273
90275
90277
90279
90280
90281
90282
90283
90286
90287
90358
90359
90429
90430
90431
90432
90433
90434
90435
90437
90439
90440
90441
90442
90443
90687
90688
90736
90788
90791
90792
90794
90889
90951
90979
90980
91006
91007
91012
91013
91023
91024
91025
91032
91112
91113
91115
91118
91120
91122
91123
91124
91142
91144
91145
91146
91147
91206
91223
91224
91280
91281
91285
91312
91338
91339
91340
91341
91342
91347
91350
91351
91352
91353
91354
91355
91378
91390
91392
91408
91419
91420
91452
91453
91454
91455
91472
91474
91521
91606
91607
91610
91611
91638
91655
91656
91657
91658
91659
91684
91734
91735
91749
91751
91754
91904
91915
91917
91918
91942
91943
91944
91945
91946
92066
92067
92068
92116
92118
92119
92125
92152
92155
92372
92413
92414
92415
92417
92418
92420
92421
92422
92482
92614
92668
92763
92817
92820
92832
92833
92834
92835
92836
92837
92878
92880
92881
92896
92944
92946
92949
92952
92956
92960
92961
92963
92964
93067
93068
93069
93070
93071
93072
93073
93074
93075
93097
93101
93107
93108
93109
93130
93151
93338
93364
93365
93366
93370
93427
93497
93540
93543
93545
93547
93549
93551
93553
93554
93556
93557
93702
93703
93716
93743
93842
93866
93881
93882
93883
93884
93936
93989
94015
94016
94018
94019
94058
94059
94078
94082
94084
94085
94126
94139
94140
94142
94143
94144
94145
94146
94147
94148
94149
94150
94152
94153
94154
94155
94156
94157
94158
94203
94215
94216
94240
94241
94458
94477
94479
94482
94486
94488
94490
94492
94639
94662
94664
94665
94667
94668
94669
94674
94675
94676
94677
94731
94732
94733
94734
94736
94884
94886
94887
94888
94900
94990
95002
95037
95180
95185
95187
95315
95316
95404
95409
95410
95411
95412
95413
95414
95416
95417
95418
95419
95420
95421
95422
95423
95425
95426
95427
95428
95429
95430
95431
95432
95433
95434
95435
95436
95444
95476
95486
95487
95488
95489
95494
95495
95496
95497
95498
95499
95500
95502
95503
95663
95763
95775
95776
95778
95779
95782
95783
95794
95795
95796
95797
95798
95799
95800
95801
95807
95808
95809
95810
95811
95812
95813
95825
95985
96046
96047
96065
96066
96067
96068
96069
96070
96071
96073
96074
96075
96076
96077
96086
96123
96130
96132
96160
96269
96282
96408
96450
96453
96454
96455
96456
96457
96458
96471
96472
96473
96538
96541
96542
96543
96544
96547
96548
96549
96550
96564
96574
96579
96583
96637
96653
96654
96656
96657
96658
96659
96660
96661
96662
96675
96752
96753
96755
96757
96770
96771
96772
96775
96776
96777
96778
96779
96780
96781
96914
96915
96954
96955
96956
96957
96963
96966
96967
97124
97126
97128
97130
97156
97161
97165
97166
97168
97170
97172
97174
97175
97177
97179
97248
97254
97413
97473
97474
97478
97488
97489
97490
97492
97493
97494
97503
97507
97511
97512
97513
97514
97515
97588
97589
97590
97591
97593
97594
97595
97596
97597
97599
97629
97657
97658
97659
97660
97661
97674
97686
97729
97730
97731
97732
97733
97734
97787
97788
97805
97843
97854
97859
97866
97908
97909
97910
97911
97912
97939
97940
97941
97942
98006
98008
98009
98012
98016
98017
98018
98019
98020
98021
98096
98163
98165
98195
98196
98325
98330
98350
98351
98352
98412
98413
98478
98479
98480
98517
98518
98535
98546
98567
98571
98572
98625
98651
98659
98660
98663
98714
98763
98764
98765
98767
98794
98795
98796
98797
98923
98934
98935
98936
98937
98938
98939
98940
98976
99029
99183
99264
99265
99267
99269
99270
99272
99275
99276
99467
99468
99469
99776
99812
99813
99836
99864
99865
99866
99894
99895
99896
99897
99898
99899
99900
99901
99902
99903
99904
99905
99906
99907
99908
99909
99910
99911
99912
99933
99982
99983
99992
100028
100034
100045
100046
100047
100070
100075
100077
100139
100281
100282
100322
100323
100330
100331
100336
100339
100340
100342
100343
100344
100345
100346
100349
100388
100423
100471
100478
100506
100507
100606
100638
100639
100640
100641
100642
100643
100644
100645
100646
100678
100679
100680
100681
100682
100815
100831
100887
100894
101089
101168
101170
101187
101213
101214
101249
101250
101330
101331
101332
101333
101337
101338
101339
101340
101341
101342
101548
101550
101556
101558
101560
101582
101619
101620
101632
101633
101634
101635
101636
101647
101648
101864
101865
101881
101902
101953
101954
101955
101974
102028
102037
102038
102041
102066
102248
102249
102250
102255
102257
102294
102295
102296
102308
102375
102485
102610
102625
102626
102793
102794
103042
103044
103082
103085
103086
103087
103141
103142
103143
103144
103145
103146
103148
103194
103196
103207
103211
103212
103283
103284
103285
103286
103287
103289
103354
103355
103356
103357
103358
103441
103519
103537
103538
103737
103742
103815
103816
103817
103826
104187
104188
104290
104294
104301
104400
104401
104402
104403
104404
104421
104431
104432
104442
104445
104509
104510
104511
104512
104513
104559
104563
104582
104639
104640
104644
104645
104646
104737
104738
104787
104929
104930
104968
104969
105103
105120
105171
105174
105220
105226
105230
105326
105330
105335
105336
105338
105348
105382
105413
105414
105559
105637
105662
105685
105686
105687
105688
105690
105691
105692
105693
105695
105696
105761
105762
105765
105803
105804
105805
105857
105858
105859
105860
105861
105862
105866
105875
105924
105925
106037
106039
106040
106090
106100
106146
106337
106368
106557
106558
106559
106681
106683
106705
106725
106777
106778
106779
106780
106781
106782
106783
106784
106785
106786
106787
106788
106789
106830
106831
106833
106838
106839
106840
106841
106842
106884
106950
107007
107041
107046
107066
107067
107068
107069
107070
107071
107100
107148
107149
107202
107295
107389
107390
107391
107392
107402
107434
107437
107438
107439
107440
107445
107543
107544
107545
107554
107558
107586
107587
107909
107910
108000
108005
108010
108147
108199
108292
108293
108312
108313
108319
108321
108322
108327
108328
108329
108330
108331
108332
108334
108335
108336
108337
108338
108339
108340
108341
108446
108447
108482
108517
108518
108521
108578
108579
108613
108616
108617
108618
108619
108620
108693
108771
108785
108858
108884
109014
109015
109021
109086
109087
109088
109089
109090
109091
109109
109130
109131
109132
109136
109138
109176
109344
109374
109375
109414
109458
109459
109572
109575
109576
109729
109772
109773
109925
110009
110025
110026
110027
110028
110029
110030
110031
110038
110042
110044
110047
110132
110172
110173
110201
110202
110203
110204
110205
110207
110211
110213
110353
110356
110357
110358
110370
110371
110372
110373
110374
110375
110378
110444
110445
110457
110699
110703
110707
110709
110710
110711
110713
110714
110715
110716
110717
110718
110719
110720
110721
110722
110723
110725
110780
110781
110782
110785
110786
110787
110792
110793
110795
110796
110801
110803
110834
110836
110837
110904
110905
110906
110907
110908
110909
110910
110911
110912
110919
110928
110934
110950
110955
110980
110998
111006
111008
111009
111010
111011
111013
111021
111046
111048
111170
111240
111261
111388
111394
111399
111400
111402
111403
111404
111416
111551
111552
111587
111588
111599
111622
111623
111624
111625
111626
111629
111873
111875
111876
111878
112230
112333
112419
112420
112421
112423
112530
112539
112541
112542
112544
112546
112776
112777
112778
112825
112826
112831
112833
112834
112835
112865
112916
112917
112918
112919
112920
112921
112922
112925
112926
112927
112928
112929
112930
112931
112932
112940
112941
112965
112996
112997
112998
112999
113000
113001
113125
113126
113127
113128
113134
113221
113225
113340
113341
113342
113343
113344
113418
113419
113420
113653
113685
113855
113858
113861
113862
113863
113864
113865
113866
113867
113868
113869
113887
113889
113890
113891
113908
113956
113957
113958
114013
114014
114020
114077
114437
114438
115051
115053
115054
115059
115060
115061
115062
115063
115064
115065
115066
115067
115068
115069
115070
115423
115532
115601
115733
116051
116062
116063
116064
116065
116066
116067
116069
116070
116072
116073
116074
116075
116076
116077
116078
116079
116080
116287
116290
116291
116292
116293
116294
116295
116862
116863
116866
116867
116870
116871
116872
116873
116875
116876
116877
116878
116879
116880
116890
116891
116893
116896
116999
117000
117003
117004
117007
117014
117018
117019
117020
117139
117150
117423
117428
117523
117524
117525
117526
117647
117948
117949
117951
117952
118032
118034
118035
118037
118287
118288
118290
118292
118293
118295
118296
118297
118298
118299
118301
118302
118304
118306
118307
118309
118317
118675
118676
118677
118678
118679
118680
118681
118682
118683
118714
118768
118882
118893
118895
118904
118905
118909
118914
118916
118920
118921
119052
119238
119241
119247
119829
119830
119831
119918
120477
120628
120755
120756
120786
120787
120788
120789
120790
120791
120792
121118
121122
121394
121395
121396
121397
121398
121399
121400
121401
121404
121535
121868
121869
122308
122309
122349
122350
122351
122352
122390
122482
122550
122551
122691
122715
122866
122868
122870
123043
123044
123045
123303
123471
123472
123787
123794
123811
123958
124034
124035
124036
124037
124038
124039
124040
124041
124042
124043
124185
124186
124249
124336
124358
124360
124361
124362
124363
124367
124368
124369
124370
124371
124372
124373
124374
124375
124532
124533
124534
124535
124682
124707
124708
124836
125066
125067
125068
125069
125071
125102
125381
125386
125393
125514
125872
125877
125882
125892
125947
126195
126196
126197
126281
126282
126283
126284
126285
126286
126542
126544
126545
126660
126813
126820
127151
127152
127193
127196
127243
127249
127275
127889
127890
127891
128057
128058
128065
128076
128329
128336
128344
128350
128373
128439
128482
128483
128484
128485
128558
128559
128640
128911
128913
128915
129051
129107
129108
129109
129110
129111
129288
129289
129685
129789
129867
129871
129872
129889
129890
129891
129892
129894
129895
129896
129898
129899
129906
129907
129908
129909
129910
129911
129912
129914
129915
129916
129917
129918
129919
129920
129922
129924
129925
129926
129927
129928
129929
129930
129931
129932
129936
129937
129973
129975
129978
129979
129982
129986
129987
129988
129992
130001
130003
130013
130014
130015
130016
130017
130030
130031
130032
130036
130037
130042
130046
130049
130057
130061
130075
130088
130206
130441
130442
130449
130788
130960
130961
130962
130964
130967
130969
130972
130973
130975
130977
130978
130979
130980
130986
131020
131090
131091
131105
131453
131601
131602
131604
131605
131720
131723
131725
131727
131730
131733
131969
131971
131980
132053
132054
132055
132056
132057
132058
132059
132060
132061
132062
132204
132349
132420
132421
132422
132423
132424
132425
132426
132428
132429
132430
132431
132432
132433
132434
132435
132436
132438
132440
132441
132442
132444
132445
132446
132447
132448
132449
132450
132536
132560
132562
132563
133077
133078
133079
133084
133275
133276
133374
133568
133582
133776
133989
133991
133992
133993
133994
134543
134601
134618
134619
134621
134622
134630
134631
134633
135059
135062
135064
135065
135066
135071
135074
135077
135078
135214
135215
135216
135217
135218
135219
135220
135221
135222
135363
135364
135365
135493
135671
135672
135673
135674
135675
135676
135677
135701
135730
135771
135777
135789
135790
135792
135793
135803
135804
135805
135806
135807
135808
135810
136023
136024
136074
136167
136235
136236
136243
136385
136397
136404
136523
136634
136635
136636
136638
136639
136640
136935
137229
137707
137976
137977
138039
138092
138093
138095
138101
138102
138178
138179
138183
138185
138187
138188
138189
138191
138192
138193
138194
138195
138196
138199
138200
138201
138202
138203
138204
138205
138207
138253
138557
138581
139429
139430
139623
139645
139646
139655
139733
139737
139763
139764
139765
139767
139934
140511
140534
140545
140547
144106
144422
145065
145328
145329
145330
145331
145352
145365
145419
145495
145496
145497
145499
145500
145501
145502
145503
145504
145507
145508
147463
147499
147525
147729
147736
148292
148293
148452
148454
148457
148764
149255
149305
149307
149614
150242
151360
151365
151370
151376
151450
152773
152775
152776
153098
153100
153101
153102
153368
153370
153852
153943
153948
153951
153956
153957
153959
153960
153961
153963
153964
153966
153968
157174
157581
157812
158248
158249
158250
159693
159694
159695
159696
161025
161026
161091
161092
161093
161094
161438
161459
161461
161717
161718
162092
162100
162282
162283
162284
162285
162330
162331
162332
162333
162334
162335
162336
162337
162338
162340
162399
162575
162861
162862
162863
162890
162892
162893
163021
163758
163760
163761
163762
163763
163764
165115
165845
165846
165847
166277
166279
166280
167064
167069
167107
167108
167109
167110
167111
167112
167113
167114
167850
168074
168075
168076
168077
168078
168079
168080
168904
168905
168906
168907
168908
168909
168928
169526
170133
170134
170135
170179
170180
170185
174325
175194
175914
175915
176193
177007
177008
177009
178192
178193
178194
178195
178196
178197
178199
178200
178201
178202
178226
178340
180692
185290
185291
185292
185293
185719
186199
186200
186201
186202
186203
186204
186541
186542
186544
186545
186546
186547
186548
186550
186551
186552
186553
186554
186555
186556
186558
186559
186560
187279
187280
187281
187282
187283
187284
187285
187543
187991
187996
188019
188402
188403
188495
188496
188497
188498
188499
188500
188501
188502
188503
188504
188505
188506
189404
190247
190248
190249
190250
190252
190253
190399
190401
190402
190415
190698
191072
191077
191078
191079
191081
191963
191964
191965
191966
191967
191968
192042
193955
194884
195196
195680
195682
195683
195684
195685
195686
195696
195697
196121
196122
196123
196124
196125
196126
196127
196130
196138
196187
196188
196189
196190
196191
196192
196193
196194
196195
196196
196207
196208
196209
196210
196211
197005
197882
199524
199659
199660
199661
199662
199663
199664
199665
199666
199814
199818
199819
199820
200003
200004
200005
200006
200009
200010
200011
200074
200075
200076
200077
200078
200079
200080
200081
200082
200083
200212
200369
200683
200684
200685
200687
200688
200689
200690
200691
200692
200693
200694
200695
200696
200697
200961
200962
200963
200964
200965
200966
200967
200968
200969
200973
201958
201959
201960
201962
202264
202265
202266
202267
203169
203217
203218
203280
203281
203282
203283
203284
203285
203286
203287
203288
203289
203290
203298
203344
203860
203983
204243
204267
204393
204394
204477
204951
204952
204953
204954
204955
204956
204957
204958
204959
204960
204961
204962
205448
205450
205624
206038
206317
206318
206319
206431
206462
206492
206493
206494
206495
208247
208248
208267
208367
208547
208632
208718
208719
208720
208721
208722
208723
208724
208725
208726
208727
208728
208730
208731
208732
208741
208810
209086
209795
209796
211915
212094
212098
212133
212134
212135
212136
212138
213384
213385
213386
213387
213388
213389
213390
213887
213888
213889
214246
214247
214248
214249
214250
214251
214252
214253
214255
214256
214479
214480
214481
214482
214675
214676
214904
215844
215845
215846
215990
215991
215992
215993
216761
216762
216763
217015
217016
217030
217031
218729
218730
218731
220653
221686
222140
222781
222782
222783
223146
223731
224026
224503
224504
224829
225354
225935
225936
225937
225939
225940
225941
225943
225945
225946
225947
225948
225949
225950
225951
225952
225953
225954
225955
225956
225957
225958
225959
225960
225961
225962
225963
225965
225966
225967
225968
225969
225970
225971
225972
225973
225974
225976
225977
225978
226160
226568
226633
226639
226669
226674
226677
226679
226683
226684
226685
226769
226770
226771
226772
226773
226774
226775
226954
227387
227388
227615
227616
228070
228302
228303
229596
229598
229599
229600
229601
229602
229603
229604
229605
229606
229607
229954
229955
229956
229957
230152
230153
230349
230909
230923
231944
232909
232910
232911
232912
232913
232914
232915
232916
233186
233187
233188
233189
233190
233191
233192
233193
233194
233195
233196
233197
233198
233199
233332
233333
233334
233335
233336
233337
233338
233722
233970
235279
235653
235725
235726
236142
236143
236144
236145
236146
236147
236148
236159
236171
236172
236173
236241
237181
237182
237183
237623
237624
237626
237627
237628
237630
237631
237632
237633
237634
237635
237636
237638
237640
237642
237643
237644
237646
237735
237736
237737
237738
237739
237741
238413
238414
238415
238419
238420
238422
238618
238635
238636
238637
238638
238639
239180
239181
239182
239183
239184
239185
239186
239187
239188
239189
239190
239191
239192
240280
240292
240293
240294
241231
241232
241233
241234
241235
242222
242223
242224
242225
242231
242232
242233
242236
242237
242305
242559
242560
242577
242578
242579
243014
243015
243016
243017
243018
243266
243313
243836
244778
244779
246494
247069
247070
247402
247515
247516
247517
247674
248169
248170
248185
248186
248187
248188
248189
248190
248191
248192
248193
248395
249518
249519
249520
249521
249522
249523
249524
250042
250392
250393
250394
250395
250396
250397
250398
250400
250401
250402
250739
251163
251402
252119
252175
252614
252631
252632
252634
252635
252636
252637
252638
252640
252784
254558
255172
255238
255239
255495
255496
255497
255522
255648
255657
255658
257178
257583
257585
257586
257587
257588
257589
257590
257591
257592
257593
257594
257595
257596
257597
257598
257599
257600
257881
258879
259007
259008
259164
259165
259180
259838
260054
260055
260056
260537
260541
263198
263199
263200
263225
263989
263992
263995
264000
264707
265204
265473
265590
265591
265592
265728
265729
265730
265732
267095
267486
267487
267490
267657
267658
267659
267660
267661
267662
267663
267664
267666
267667
267784
268657
269117
269118
269119
269120
269121
269122
269123
269124
269125
269126
269127
269128
269129
269443
269800
269801
269997
270392
270393
270394
270395
270396
270397
270398
270399
270400
270401
270453
270454
270455
270456
270938
270940
271300
271301
271302
271303
271304
271305
271550
271864
271865
271866
271868
271869
271870
271871
271872
271873
271874
271875
271876
271877
271878
274379
275400
276681
276931
276932
276933
276935
276936
276937
276938
276939
277703
277704
277709
277710
278153
278154
278155
278455
278456
278457
278458
278459
278460
278461
280278
280279
280280
280281
280282
280283
280284
280285
280654
281374
281457
281458
281459
281460
282026
282141
282598
283342
285364
285365
285366
285367
285368
285369
285376
285602
285603
285604
285605
285606
285607
285608
285609
285610
286158
286159
286160
286161
286162
286163
286886
286985
286986
286987
287448
288349
288350
288351
288352
288353
288354
288355
288446
288447
288609
288801
288802
289646
289648
289649
289650
289651
289652
289653
289654
289655
289658
289659
289660
289661
289662
289663
289664
289665
289666
289667
289668
289669
289670
289671
289672
289673
289674
289675
289676
289677
289678
289679
289681
289682
289683
289685
289686
289687
289688
289689
289690
289691
289692
290506
293137
293452
293453
293454
293455
293457
293817
293818
293819
293987
294010
294160
295746
295749
295750
296801
296802
296803
296804
296805
298321
298322
298323
298586
298588
298592
298593
299291
301065
301066
301798
301804
301805
301885
301886
301887
301888
301889
301915
301916
301917
301918
301919
301920
301921
301922
301923
301924
301925
301926
301927
301928
301929
301930
301931
301932
301933
301934
302390
302939
303901
303902
303903
306466
308214
309919
311320
311321
311322
311327
311328
311329
311331
311332
313444
313609
313873
313875
313877
313878
313879
313880
313881
313882
313883
313884
313917
314000
314001
314002
314003
314437
314438
314439
314440
314441
314442
314586
314587
314588
314589
314590
314591
314592
314749
314750
314969
315359
316358
318043
318044
319831
319832
321050
325010
325022
325023
325025
325057
325062
325065
325066
325067
325075
325076
325077
325079
325080
325083
325084
325085
325086
325087
325155
325156
325157
325158
325159
325161
325170
325171
325172
325173
325174
325175
325187
325188
325189
325191
325192
325193
325194
325195
326895
331045
331105
331326
331327
331328
331329
331332
331334
331335
331336
331337
331338
331347
331348
331349
331700
331701
331744
331745
331746
331747
331748
331749
331750
331751
331752
331753
331754
331755
331756
331757
331758
331762
331763
331764
331765
331766
331768
331769
331770
331771
331772
331775
331778
331779
331780
331781
331782
331783
331784
331785
331786
331791
331792
331794
331795
331796
331797
331798
331799
331800
331801
331802
331803
331804
331805
331806
331807
331808
331809
331812
331813
332164
332810
333704
338196
338509
342378
343529
343530
343531
343533
343534
343535
343536
343537
343538
343541
343542
343543
343544
343546
343547
343548
343549
343550
343551
343552
343553
343554
343555
343556
344820
346287
346288
346289
346290
347582
347926
347932
347935
347936
347938
348502
350273
350274
350275
350276
350277
351479
353684
353686
354371
354668
356074
357557
357739
357788
357802
357806
357816
357854
358064
358257
358287
358353
360006
360067
360068
360069
360070
360072
360073
360074
360075
360076
362398
362964
362965
363052
363533
363534
363535
363825
364253
364254
364256
364268
364269
364736
364897
365170
365370
366248
366249
366250
366252
366253
366254
366255
366279
366361
366726
366727
366932
366956
366957
366958
367343
368147
368148
368149
368622
368623
368889
368891
369988
369989
370212
370217
370517
370518
370883
370884
370885
370886
370887
370889
370988
370993
371103
372053
372054
372055
372056
372057
372058
372059
372090
372114
372535
372602
373701
373702
373703
373704
373705
373706
374397
374398
375065
375081
375236
375237
375239
375240
375241
375242
375243
375244
375245
375246
375247
375248
375249
375250
375251
375252
375253
375254
375255
375256
375257
375258
375259
375260
375261
375262
375263
375264
375265
375266
375267
375268
375269
375270
375271
375273
375274
375275
375276
375277
375278
375279
375280
375281
376235
376243
376244
376245
376252
376253
376257
376258
376259
376260
376519
377227
377228
378036
383021
383022
383023
384086
384087
384373
384574
384575
385609
386838
386839
386841
386846
387222
387223
387871
387872
388482
388565
388566
388568
388569
388570
388571
388627
388628
388629
388630
388631
388632
389250
389251
390065
390916
390936
394203
395051
395052
395053
395054
395055
395607
396751
397011
398259
398304
399559
399560
399561
399562
399563
399564
399566
399567
399899
400235
400236
400237
400238
402111
402963
402964
404958
404959
405822
405823
405825
405826
405883
405884
405886
405887
405888
405889
405891
406449
406859
407638
407639
409624
409625
409626
409627
409628
409629
409630
409631
409632
409633
409634
409635
409636
409637
415278
416558
416682
416683
416684
421639
422367
422368
422369
422370
423069
423816
423818
423819
423825
424211
424212
424213
424214
424215
425318
425319
425322
425363
425600
425601
428173
428602
428603
428604
428605
428606
428607
429307
430857
431936
431937
434512
437347
437348
437349
437350
437375
439140
439141
439142
439143
441616
441617
441618
441707
441708
441709
441710
441711
441712
441713
441714
441715
441716
441717
441718
441719
441720
441722
441723
441725
441726
441727
441728
442382
442383
442384
442385
442386
442387
442388
442389
442390
442391
444375
446787
446788
446789
447330
447331
447333
447334
448013
448014
449816
449817
449818
449819
449906
449997
449998
449999
450413
451676
452786
454346
455436
458126
458127
458128
458129
458130
461109
461110
461111
461112
461115
461878
462014
462509
462510
462511
462512
462513
462514
462515
462516
462517
462518
462519
462520
462521
462522
462523
462524
462525
462526
462527
462528
462529
462530
462531
462532
462533
462534
462535
462536
462537
462538
462539
462540
462541
462542
462543
462544
462545
462546
462547
462548
462549
464842
464843
464844
464846
466263
466329
466340
466802
470186
470464
470465
471287
471288
471983
471984
471985
471986
471987
471988
471989
471990
471991
471992
471993
471994
471995
471996
471997
471998
471999
472000
472001
472002
472004
472007
472008
472009
472010
472011
472013
472015
472016
472017
472018
472019
472020
472021
472022
472023
472024
472025
472026
472027
472028
472029
472030
472031
472032
472033
472034
472035
472036
472037
472038
472039
472040
472041
472042
472043
472044
472045
472046
472047
472048
472049
472050
472051
472052
472053
472054
472055
472056
472057
472058
472059
472060
472061
472062
472063
472064
472065
472067
472068
472069
472070
472071
472072
472073
472074
472075
472076
472077
472078
472079
472080
472081
472082
472083
472084
472085
472086
472087
472088
472089
472092
472093
472094
472095
472096
472097
472098
472099
472100
472101
472102
472103
472105
472106
472107
472108
472111
472112
472113
472114
472115
472116
472117
472118
472120
472121
472122
472123
472124
472125
472126
472127
472129
472130
472131
472132
472133
472134
472135
472136
472137
472138
472139
472140
472141
472142
472143
472144
472145
472146
472147
472148
472149
472150
472152
472153
472154
472155
472156
472157
472158
472159
472160
472161
472162
472163
472164
472165
472166
472167
472168
472169
472171
472172
472173
472174
472175
472176
472178
472179
472180
472181
472182
472183
472185
472186
472187
472189
472190
472191
472192
472193
472194
472195
472196
472197
472199
472200
472201
472202
472203
472204
472205
472206
472820
474713
474822
474823
474824
474825
475828
477479
479928
479929
479930
479931
481225
482738
482910
482916
486700
486785
486859
486860
488046
488047
488048
488049
488050
488051
490704
491062
492896
494997
494998
494999
495000
495915
495918
496387
496389
496669
496670
496671
496672
496673
496800
497408
497513
497978
497995
498430
498431
498432
498454
498455
498456
498457
498459
498713
498714
498974
498979
500086
500087
500088
500089
500090
500091
500092
500093
500094
500095
500096
500097
500098
500099
500100
500101
500102
500103
500104
500105
500106
500107
500108
500109
500110
500111
500112
500113
500114
500115
500116
500117
500118
500119
500120
501146
501148
501149
501150
501151
501152
501153
501154
502009
502010
502011
503412
509308
509309
509310
509311
509312
509313
509314
509315
509316
509317
509318
509319
509320
510026
510028
510029
510030
510031
510032
511803
514852
514853
518029
518030
518031
518032
518033
518034
518035
518036
518037
518038
518039
518079
518080
518081
518082
518083
518084
518085
518086
518087
518088
518089
518090
518091
518092
518093
518094
518095
519507
520644
520645
520646
520647
520648
521303
521419
521599
522320
522979
527554
527582
527584
527631
529449
531010
533453
534903
535201
535202
535629
535691
543706
543708
546448
548859
548860
548861
548862
548863
548864
548865
548867
548868
548871
548872
548875
550198
550807
550808
550809
550810
550964
551019
551020
551021
551074
551075
557384
557386
557388
560534
562343
562346
564455
565652
565653
567026
567027
567028
567030
567031
567032
567033
567034
567035
567036
567037
567038
567039
567040
567041
567042
568153
569947
570009
570154
574283
577765
577766
579369
579370
579371
582284
582285
591211
591212
591213
591214
591215
591216
591217
591218
591219
591220
591221
591222
591223
591224
591225
591226
591227
591228
591229
591230
591231
591232
591233
591234
591235
591236
591237
591238
591239
591240
591241
591242
591243
591244
591245
591246
591247
591248
591249
591250
593079
593082
593083
593084
593380
593381
593382
593383
593384
593385
593386
593387
593388
595269
601642
601643
601644
601645
601646
601647
609436
611538
611551
611675
611676
611677
611678
611679
611680
611681
611682
611683
611684
613006
613007
613009
613010
613662
613663
613665
613670
613708
619534
619537
619538
619539
619567
619569
619670
619671
621685
621686
621999
622000
622001
622002
622003
622004
622327
623170
623171
623172
627212
627213
627441
630796
630797
632185
635745
635746
635747
635748
635749
635750
635751
635752
635753
635754
636794
636795
636796
636797
636798
636799
636800
636801
636802
636803
636804
636805
636806
636807
636808
636809
636810
636811
636812
636813
636814
636816
636817
636818
636819
639929
639930
641138
641139
641140
641141
641142
641143
641144
641145
641146
642501
642502
648236
649193
649538
649539
649540
649541
650178
650179
650180
650181
650182
650183
650184
650185
650187
653931
656071
662071
663109
665841
667995
668056
668057
668418
668419
668421
669962
669963
669964
669965
669966
669967
669968
669969
669970
669971
669972
669978
669979
673086
673783
674844
674845
674846
674847
674848
677339
677340
677341
677342
678267
679615
681051
681062
682288
682291
682292
686055
686056
687408
687430
688362
688363
688366
688367
688369
693468
693469
693470
693471
693472
693473
693474
697192
697194
697196
697201
697202
697203
697204
697205
697206
697207
697208
697209
697210
697211
697212
697213
697214
697215
697216
697217
697218
697219
697220
697221
697222
697223
697224
697225
697226
697227
697228
697229
697230
697602
697612
700903
700904
700905
700906
700907
700908
701637
702203
702204
702384
702385
702386
702387
702388
702389
702390
702391
702392
702393
702394
702395
702396
702397
702398
702399
702400
702401
702402
702403
702404
702405
702406
702407
702409
702411
702412
702413
702414
702417
702418
702419
702420
702421
702422
702423
702424
702425
702426
702427
703556
703557
703558
703800
706738
709758
711139
711199
718339
719337
719790
719791
721775
723831
723832
723890
723891
723892
723893
723894
723895
723897
723898
723899
723900
723901
725415
725416
726664
726665
734278
734279
734280
734281
734960
734961
734962
734963
735907
736023
736024
736124
740247
740249
740253
740391
740392
740393
741525
741528
741529
741532
747837
747838
750987
750988
754638
756802
756803
756805
756806
756871
756872
756873
760497
760498
762584
762586
762587
762592
762593
762595
762596
762599
762600
762601
762602
762603
762604
762605
762606
762607
762608
762610
762975
763398
763714
763718
763720
763721
763723
763725
766374
771609
777037
777038
777039
777040
777041
779964
779965
779966
779993
779994
779995
779996
779998
779999
780000
780014
780015
780016
780017
780018
780019
780046
780047
780079
780460
785453
785454
785455
787646
788566
789069
789070
789071
789072
789073
789074
789075
789076
789077
789078
789079
789080
789081
789082
789083
789084
789085
789086
789088
789089
789794
789795
789796
789797
789798
789799
789800
789801
790182
790253
793564
793565
794006
796150
797990
797993
799433
799434
799435
799437
799439
804293
804294
804295
804296
804297
804298
804300
805914
814657
814658
814659
814660
814661
814663
814664
814665
814666
814667
814668
814670
814671
814673
814675
814677
814678
814679
814680
814682
814757
814760
814761
814762
815474
815475
815476
815477
815478
815479
815480
815481
815482
815483
815484
815485
815486
816583
816584
816585
816594
817293
817294
817295
821368
821369
821370
821371
822070
822696
822697
822698
827639
827640
827641
827772
827773
827775
833873
833874
834449
834595
834600
834601
835848
837999
838000
838001
838003
838511
838519
838520
838521
839690
839694
839722
839723
839724
840364
841122
842507
842651
843548
843549
844207
844208
844209
845352
848343
849720
849721
849722
849723
849724
849725
849726
849727
849728
849729
849731
850627
850628
850629
850630
852088
856325
856326
856327
856328
856330
856331
856332
856333
856334
856335
856336
858851
858852
858853
858854
858856
859654
859656
860050
862678
866925
873822
885948
886948
888452
888454
888457
888459
888460
888461
888462
888463
888464
894828
894829
894830
894831
894832
894833
894834
894835
894836
903533
904472
904473
904474
904475
904476
904477
904478
904479
904480
904481
904505
904506
904508
904509
905406
905407
906183
906184
906185
906186
906891
908189
908459
908460
908835
914490
914672
914673
914674
914675
914676
914677
914678
914679
914680
914681
914682
914683
914684
914686
914816
916991
916992
916993
917938
919984
919985
919986
919987
919989
919991
919992
919993
919994
919995
921796
921798
925244
926939
929555
929556
929557
929558
929559
929560
929561
929562
929564
931872
931873
931874
931875
931876
931877
931878
931879
931880
931881
931882
931883
931884
931885
931886
931887
931889
931890
931891
931892
931901
931902
932610
932611
932612
932613
934258
939887
939888
939889
939890
939892
939893
940037
940038
940039
940040
940041
940042
940043
940044
940045
940046
940047
940048
940381
940382
940383
940384
940414
942119
942120
948116
953786
953787
956446
956447
956669
958469
958470
958471
958472
958473
958474
958475
958476
958477
958478
958479
958480
960066
964933
966906
966907
966908
971425
972829
972830
972835
973980
973981
976645
977256
985159
985160
985161
985343
985716
988105
991313
993954
994012
994013
994014
994063
994068
994069
994070
994071
994072
994785
994786
996795
996796
996797
996798
996799
996800
996801
996802
996805
996806
996807
996809
996810
996811
996812
996813
996814
996815
996816
998022
1001930
1001931
1004825
1005266
1005267
1005268
1005269
1005270
1005271
1005272
1005273
1005275
1005276
1005277
1005278
1005279
1005280
1005281
1005282
1005283
1005284
1005285
1005286
1005287
1005288
1005289
1005290
1005291
1005292
1005586
1005587
1007405
1007406
1009280
1013015
1015402
1016001
1016024
1016856
1016874
1017010
1017012
1017015
1017016
1017018
1017019
1017020
1018273
1018274
1018275
1018276
1018278
1018279
1018295
1020669
1021166
1021167
1028706
1028708
1036309
1036310
1036311
1036312
1036313
1036315
1036316
1036317
1036318
1036319
1036320
1036392
1036393
1036394
1036395
1036396
1036398
1036399
1036400
1036401
1036402
1036403
1036428
1036429
1036462
1036464
1036466
1036467
1036468
1036471
1036473
1036650
1036651
1036652
1036653
1036654
1036655
1036656
1036657
1036658
1037019
1037020
1037021
1037022
1037024
1037025
1037026
1037027
1038432
1038433
1038434
1038435
1038436
1038440
1038443
1038444
1038445
1039823
1041432
1041448
1043461
1043471
1044251
1044252
1047582
1047980
1047981
1050061
1051177
1051670
1053374
1053375
1053376
1053377
1053378
1053391
1053397
1053568
1053874
1053875
1054518
1055250
1059578
1059579
1063851
1063852
1063853
1063854
1063855
1063857
1063858
1063860
1063861
1063862
1063863
1063865
1063866
1063944
1064115
1064655
1064679
1064680
1064683
1065030
1065031
1065032
1066896
1066897
1066898
1066899
1066900
1066901
1069352
1071710
1073930
1074637
1075456
1075457
1075458
1079827
1079828
1080330
1080515
1080516
1081358
1082149
1082231
1083348
1083349
1083350
1083351
1083352
1083353
1083354
1085685
1085686
1087134
1087135
1087138
1087141
1087143
1087144
1088051
1088052
1088053
1088054
1088055
1088056
1088137
1088138
1088139
1088140
1088141
1088142
1088213
1088214
1088215
1088216
1088217
1088218
1088224
1088225
1088279
1088280
1088281
1093113
1093114
1093140
1093600
1095206
1095207
1095208
1095209
1095210
1095211
1097847
1097848
1099667
1099668
1099669
1099670
1099671
1099672
1103938
1103939
1120760
1120761
1120762
1120763
1120764
1120765
1120766
1120767
1120768
1120770
1120771
1120772
1120773
1120774
1120775
1120777
1120778
1120779
1120780
1124376
1126609
1126612
1126613
1126614
1126615
1126616
1126618
1129073
1129074
1129076
1129078
1129079
1129080
1129081
1129082
1129083
1129086
1130077
1130078
1130082
1131601
1131717
1146162
1146164
1146165
1146166
1146168
1146169
1146170
1146171
1146172
1146173
1146174
1146175
1146176
1146177
1146178
1146179
1146180
1146181
1146183
1146184
1146185
1146186
1146187
1146188
1146189
1146190
1146192
1146193
1146195
1146196
1146199
1146260
1146261
1146724
1147177
1147240
1148096
1148449
1150177
1156747
1158261
1158262
1158263
1158264
1158265
1158266
1158267
1158268
1158269
1164424
1165782
1172870
1174394
1174395
1174396
1174397
1174398
1174408
1176415
1176416
1176417
1176419
1176420
1176421
1176422
1176424
1179042
1179043
1179044
1179045
1181081
1181082
1181083
1181084
1185140
1203191
1207649
1207650
1207651
1207652
1207653
1207654
1207655
1207656
1207657
1207658
1207659
1207660
1207661
1207662
1207663
1207664
1207665
1207666
1207667
1207668
1207669
1207670
1207671
1207672
1213332
1215157
1215417
1215418
1220293
1222709
1223317
1223672
1223673
1223674
1223675
1224383
1224384
1224385
1224386
1224387
1228189
1228190
1228191
1228192
1228193
1228194
1228195
1228198
1228200
1230687
1231075
1231076
1231077
1231078
1231079
1233192
1233193
1233194
1233195
1252876
1255206
1258096
1273628
1273629
1273630
1275114
1275115
1275116
1275117
1277085
1282328
1287882
1287883
1288648
1288649
1288650
1288651
1288652
1291011
1307396
1307397
1307398
1307399
1307400
1312949
1312950
1312951
1312952
1312953
1312954
1312955
1312956
1312957
1312958
1312959
1312960
1312961
1312962
1312963
1312964
1312965
1312966
1312968
1312969
1312970
1312971
1312972
1312973
1312974
1312975
1313532
1313533
1313534
1313535
1313542
1313544
1313545
1313551
1313552
1313553
1313554
1313801
1315830
1315831
1315832
1315833
1315834
1315835
1315836
1315837
1315838
1315839
1315840
1315841
1315842
1315844
1315845
1320334
1322464
1322465
1322469
1324574
1327299
1329184
1329185
1329186
1329188
1335002
1336194
1339228
1341427
1341742
1341743
1341744
1341745
1344037
1344038
1344039
1344040
1344041
1344042
1344043
1344044
1344045
1344046
1344047
1344048
1344049
1344051
1344052
1344053
1344054
1344055
1344056
1344057
1344058
1344059
1344060
1344061
1349593
1351747
1356107
1356633
1356634
1356635
1356636
1356637
1356638
1356639
1356640
1356641
1356642
1356644
1356645
1356647
1356649
1356650
1356651
1356652
1356653
1366134
1368052
1368053
1368054
1368055
1368056
1368057
1368058
1368059
1368061
1368062
1368063
1368064
1368066
1368067
1368068
1368069
1368070
1368071
1368072
1368073
1368074
1368075
1368076
1371988
1378611
1382593
1382595
1382596
1382597
1382598
1382599
1382600
1382601
1382602
1384321
1384322
1387346
1389866
1389867
1395582
1395584
1395585
1396885
1396886
1396888
1396889
1396890
1396891
1396892
1396893
1396894
1396897
1396898
1396899
1396900
1396901
1396902
1396903
1396904
1396905
1396906
1396907
1396908
1396909
1396910
1396911
1397588
1399249
1399418
1409877
1411168
1411169
1411685
1411686
1411687
1411688
1411689
1411690
1411691
1411692
1411693
1411694
1411695
1411696
1411697
1411698
1411699
1411700
1411701
1411702
1417953
1417954
1417955
1417956
1417957
1417958
1417959
1417960
1417961
1417962
1417963
1417965
1417966
1432660
1432739
1432740
1432741
1435439
1435440
1436273
1436274
1436275
1436276
1436277
1436278
1437919
1439534
1439537
1440463
1450243
1450317
1450318
1450319
1450320
1450321
1450322
1450323
1451897
1451898
1451899
1451900
1451901
1452668
1452669
1452672
1452673
1452674
1452676
1452677
1452678
1452679
1452680
1452681
1453582
1454014
1454015
1454016
1454017
1454018
1454387
1454388
1454389
1455627
1455628
1455630
1455661
1458668
1458669
1458670
1458671
1458672
1458673
1458674
1458675
1458676
1458677
1458678
1458679
1458680
1458681
1458682
1458683
1458684
1458685
1458686
1458687
1458688
1458689
1458690
1458691
1458692
1458693
1458694
1458695
1458696
1458697
1458698
1458699
1458700
1458701
1458702
1458703
1458704
1458705
1458706
1460441
1461200
1464288
1464289
1472695
1472696
1473393
1481523
1481537
1482988
1482989
1482990
1483721
1484067
1485510
1489589
1489590
1489591
1489592
1489593
1489594
1489595
1489596
1489597
1489598
1489599
1489600
1489676
1490842
1490843
1490844
1492345
1494102
1496712
1501544
1501545
1501546
1501547
1501548
1501549
1501550
1501590
1501591
1502911
1504272
1505017
1505018
1505019
1505020
1505021
1505022
1505023
1505025
1505026
1505027
1505029
1505031
1505032
1505033
1505034
1505036
1505037
1505134
1505135
1505136
1508788
1508789
1508790
1508791
1509643
1509867
1509868
1512169
1513803
1514493
1514494
1514495
1514496
1514497
1514498
1514499
1514500
1514502
1514900
1514901
1514902
1514903
1514904
1514905
1514906
1516886
1516887
1517909
1517910
1517911
1517923
1519467
1519468
1519469
1519470
1519471
1522954
1533026
1533028
1535134
1535135
1535136
1535137
1535138
1535139
1535140
1536353
1536354
1536355
1536356
1558696
1559370
1559483
1566089
1566090
1572114
1581200
1581201
1581202
1581203
1582374
1582375
1582376
1582377
1582378
1582379
1582380
1582381
1582382
1582383
1582384
1582385
1582386
1582387
1582388
1582389
1582390
1582391
1582392
1582393
1582394
1582395
1582396
1582397
1582398
1582399
1582400
1582401
1582402
1582403
1582404
1582405
1582406
1582407
1582408
1582409
1582410
1582411
1582412
1582413
1582414
1582415
1582416
1582417
1582418
1582419
1582420
1582421
1582422
1582423
1582424
1582425
1582426
1582427
1582428
1582429
1582430
1582431
1582432
1582433
1582434
1582435
1582436
1582437
1582438
1582439
1591710
1592665
1592666
1600243
1600244
1600245
1600246
1600247
1600248
1600249
1600250
1601406
1601763
1602764
1614063
1614064
1614065
1619332
1620054
1620055
1620057
1620061
1620063
1620064
1620066
1621241
1623064
1624039
1626828
1628448
1628449
1628454
1628455
1646897
1646931
1652975
1652976
1663773
1663774
1681115
1681117
1681118
1681119
1681120
1681122
1681123
1681124
1681182
1681183
1681184
1681237
1688588
1698946
1698947
1700791
1706456
1706457
1706458
1706459
1706460
1706461
1706462
1706463
1706464
1706465
1706466
1706467
1706468
1706469
1706470
1706471
1706472
1706474
1706475
1706476
1706477
1706478
1706479
1708614
1716273
1716274
1716275
1716277
1716278
1716279
1716280
1716281
1716283
1716284
1716285
1716286
1717684
1717685
1722406
1722408
1722409
1722410
1722411
1722412
1722413
1722414
1722415
1722417
1722418
1722419
1722420
1722421
1722422
1722423
1722424
1722425
1743321
1743322
1745353
1745354
1750620
1750622
1750623
1758046
1764652
1764653
1772289
1772309
1772312
1772543
1772591
1772593
1777452
1778123
