88568
65754
73785
106705
91013
73268
325025
123044
90226
135216
1005279
472029
83677
91023
176193
1458691
95428
821371
1717684
1222709
41178
117150
111010
53090
204952
931882
46647
248190
243836
805914
500100
931887
44106
122550
45410
59752
99865
59080
55536
66902
73083
1344039
200080
83678
95495
161459
39890
145352
37004
87370
127152
56636
763721
1038433
188402
71761
68648
57463
69951
70558
850630
116070
59375
58020
500108
47854
110047
42322
471999
98016
47850
281458
43439
350273
158250
124041
360072
118679
129109
58012
405884
71266
57948
112825
161438
269118
389251
129979
97859
931892
762600
102485
78896
191072
109086
395053
325170
93068
128065
734960
68510
138193
46474
1005268
113126
288353
1036651
204962
39150
859656
370884
486785
95796
409637
501152
65757
129988
60512
44395
110444
53748
441713
636799
472092
449817
51808
41509
79935
126542
56099
44027
168077
103289
777041
39296
167850
299291
1582429
368148
100045
138191
472115
138201
472067
236148
1452677
269117
1535135
196193
697221
55506
39123
472030
99992
161026
265730
78327
67987
373703
229605
1158265
187281
67566
1233195
46261
66486
128373
1344049
500104
43392
464843
140511
838521
464846
44902
1013015
58886
472181
70831
1681115
350274
162335
88383
1514498
69896
40985
1452673
472183
718339
789801
83852
124358
93070
95185
409634
58054
73164
53121
95410
82537
1036403
471287
462523
472060
1454015
200010
83204
68656
442391
67331
106787
70823
68251
52071
1601406
265591
101337
475828
108327
159694
56482
225962
641142
40994
371103
1536356
1458674
43663
107545
1312960
43766
238635
125381
104445
39751
482738
311332
1307397
68731
58238
70372
799435
96077
51013
59764
91474
46540
39298
96548
65509
110207
104401
113861
1458696
79201
1344042
127151
137976
74157
78211
134618
267486
73075
240294
567039
67893
285609
60270
357854
431936
132444
130017
289676
574283
1706467
200696
217030
51703
80368
94157
59158
47733
96662
71260
104403
59770
218731
58008
1432740
267660
57659
49161
93743
130015
65563
627213
63054
48553
931875
88953
94156
366279
85152
372055
75359
96046
976645
103042
132054
231944
91024
64992
108341
293137
94733
55038
98567
1126613
112941
109090
1053378
46528
939892
1146185
325189
92413
130441
1158267
641141
822070
110792
1516887
1036401
313609
591226
235653
611676
239182
1146187
366726
92068
1074637
1307396
100388
95411
51331
1582436
204243
96068
97124
996796
104512
110042
72190
200963
93107
204961
110955
458128
1344038
1417962
39678
78481
187280
92961
37225
313878
62100
65603
1743322
119241
931878
237646
1505021
1368054
919995
779995
38496
1059578
110787
601643
43995
53750
133992
472159
90431
303903
76207
124362
238414
97594
1124376
55040
93553
49869
53435
1382596
1071710
118714
75657
1176420
331781
76715
157174
116079
237624
151370
1706466
69685
750987
168078
69534
479930
425600
100336
43393
213887
130980
72607
472120
103145
1716279
466340
94677
669962
45169
73877
1582378
112940
99264
68504
133077
849726
53886
1129076
75994
69088
112542
1489594
212136
249522
477479
104787
95426
95502
95809
464844
122868
99275
376244
762604
76708
314587
86163
73413
486700
110028
1722413
89539
107148
1582428
79190
57191
42576
118909
188499
39025
208810
351479
110919
55354
131453
125877
82664
96066
466802
110803
1063854
110715
37385
331802
63422
38636
1582376
940042
106950
65002
65401
472009
196190
133276
956446
1207664
82776
76716
101331
1073930
709758
69056
1005289
1088139
1722419
145497
62415
815477
462527
129936
45550
472028
518085
277703
38035
97588
73431
87721
849729
81122
510032
702403
314439
40982
85886
1028706
79774
375261
52075
1582406
107007
49890
276937
1452678
370883
1389867
200693
591221
702401
461110
1501544
229596
80086
1224385
84512
366250
396751
789081
365170
91122
85770
582285
101341
37283
1065032
94155
472204
1409877
96757
113134
472148
96047
105338
815476
79960
82236
1663774
94665
41927
914686
51354
114020
111009
1513803
567028
44102
122350
1384321
1628455
49545
61757
270453
111625
97788
94676
87521
1322469
96955
101332
1519470
314002
130049
45030
289686
37881
1368063
117019
383023
124836
1482990
73986
125066
702398
406859
395051
494997
53432
203286
498974
129896
58069
114438
762586
212134
931889
376260
116893
42839
289649
269129
119830
222781
213385
77932
236171
78534
110720
132058
44494
69089
239188
217031
100606
103286
431937
280281
591220
42035
789071
90434
1706462
931874
168904
102257
249521
82324
472189
1207666
42042
1053377
70922
91312
107390
67523
289661
635753
118037
95180
270456
1600243
289681
347932
74543
118298
81110
613662
153098
97172
38111
471986
209795
1233192
112918
73430
399559
100345
994012
91638
97168
916993
301927
1494102
682292
914673
1036320
106725
163761
90792
110786
1396891
65033
226770
60848
162863
366253
94148
116074
128058
1514903
1411688
502011
196122
116292
437347
90279
145328
60100
472017
1496712
109375
42333
78618
1454387
1312975
462511
46579
472193
77280
653931
60516
83490
124368
1454018
46263
703558
73101
110716
51806
169526
386839
934258
1582425
1396890
1454389
187991
1458682
43689
97511
1458669
60101
62992
1411685
42250
914683
702423
89913
65504
1181082
72582
1288652
56982
105858
51704
100638
38753
91347
51510
472167
100681
42999
454346
472011
94731
54759
399563
97165
226771
789083
108000
1566089
177009
85430
75147
81139
762606
115069
269123
1356649
472164
331758
139765
55280
1395584
67985
1368056
40848
94058
46463
838001
1722406
856330
49208
103538
110801
286160
1716284
46583
74933
73409
102037
39573
673783
209796
68416
293453
138178
472129
265590
203298
115061
237632
700903
39160
93989
37282
358257
60941
331800
40017
289654
939890
93884
1099671
42025
121869
106789
723895
462512
243017
59750
472071
711199
697222
57897
48558
39993
51653
195682
44396
1706472
1505135
79185
613663
75667
40614
91147
697602
582284
1005286
1489599
509310
461878
139645
111008
496670
64578
1717685
76894
423825
99270
1681184
56117
47088
370887
107910
84929
44188
82063
91351
42324
55401
112539
215845
79076
1344044
200962
97596
931884
100343
206318
96583
69978
105335
71762
1501591
919992
65395
255238
37330
52970
500089
966908
37285
61633
51809
72613
129890
40986
79357
95316
70830
44398
83577
39012
98412
68647
203282
51884
79428
919987
842651
313917
72332
83550
1505027
263225
301805
1275116
111011
233336
55052
76291
78295
39729
93427
129894
76681
65585
229955
86236
161094
236143
45612
60880
734279
81264
622003
289658
43149
1716286
120787
630797
1054518
84130
41272
65561
1174394
63614
58011
1582380
409636
1514496
242578
441709
372059
375237
67927
71712
844209
123303
462524
108147
591213
472206
49883
239190
64988
186551
277709
81223
163764
185293
41075
85699
72101
399561
197882
47095
78226
235279
908835
289666
49419
472172
84986
168079
1146180
87660
40926
368889
495918
96967
1458694
139430
735907
59497
270397
280285
560534
932613
200079
70834
1129082
84642
472163
101953
124370
723892
1005270
257590
61458
362965
994063
404959
138093
50081
213388
54212
267662
103146
87688
81221
135217
110457
94240
83649
102250
75659
80353
120792
462532
434512
567038
1371988
441707
118297
548861
1156747
789088
42727
42841
57418
91472
90359
68455
95413
331751
636797
850627
289683
41926
462542
168909
77169
41087
1450323
109014
719790
331757
87522
124037
52147
42882
510029
46460
356074
204477
1745353
112421
1016874
75851
1220293
57910
62593
838000
109374
43584
498455
91118
95782
527582
44819
69928
41090
385609
649541
80369
101339
958472
702418
814657
72670
95486
81149
147729
281457
107439
64764
128484
61431
130977
84736
293452
789073
131723
40118
75270
136404
65633
591240
368623
1706477
1038445
90437
780460
1020669
55178
1591710
71264
1018279
51651
108329
1458671
462546
1203191
50882
65758
650183
237737
69079
405822
1464289
101560
70835
131105
533453
472131
116067
702424
95500
1368061
117526
93364
84020
214250
75993
135065
1458706
59751
63449
259165
93716
331794
1036658
53124
1224383
162338
674847
41486
771609
405891
70563
388569
84987
89895
68203
71462
1041432
121396
81589
551021
191081
325194
61197
129918
43849
84622
894832
271873
95409
118034
702388
63450
252635
966906
248187
70832
91452
1458688
73782
1207656
447330
79187
1088137
47845
76573
779993
1484067
88148
65399
688369
97908
60584
78227
166279
73183
789796
58010
814667
52412
163758
133084
111261
294010
94059
41110
1093600
472144
91917
81124
441618
208732
363825
69399
39009
46527
110029
58035
110709
1327299
311327
325067
91735
130046
129906
787646
441720
96076
72665
47918
226568
39142
129975
39447
1396892
98796
301929
135730
39893
1053568
422367
214479
1036429
446787
120477
919991
873822
131725
98923
139763
591237
110719
213386
129108
780015
72947
170133
697220
104930
1315830
472145
375266
69983
496673
52073
1146189
135675
37327
147736
77930
500092
409635
67501
95808
423069
73443
567042
1036399
92833
132060
740247
1126615
60845
1053376
76475
248185
214256
1722422
45408
95811
195683
153368
118676
73271
80751
472179
187282
41930
111021
153951
471990
635749
354668
1450319
65400
81129
96160
119918
161461
129892
45620
40171
856333
115068
331782
70921
366932
225967
106785
74454
67005
1368067
77017
72668
1315845
472045
82891
472196
958474
68654
63244
49377
667995
437350
1095210
472055
39443
55772
276932
236147
153961
240280
39441
200967
60683
95783
76682
472025
208730
115063
1489595
325156
43389
110132
44899
1417960
206495
110837
130973
54725
252638
471991
51705
635750
64574
405888
1120760
115059
251163
257600
1313551
41107
1207649
91223
37219
35269
41704
67817
1437919
49860
75124
64990
534903
693469
90788
54215
308214
1368069
199814
94140
360006
225976
50725
260055
67993
111046
520645
89416
110173
94477
72671
45515
67982
1417958
84042
44104
51643
390916
636813
78027
74497
472203
1505036
60264
1681182
130037
325022
860050
346287
42386
1075457
75656
82660
243018
112333
99909
139767
331797
64576
286163
650187
285606
1083350
77016
375279
93072
471989
84737
37284
66479
80760
940383
75623
95795
88053
931883
1432660
136167
129925
424215
1181084
39445
1509643
1275117
72227
1582397
1037022
331328
1120765
105925
40052
60513
1582430
76680
50656
83002
97175
98794
77167
1099672
394203
52135
81147
271304
50880
226669
135803
85112
482910
1287883
52734
57812
98352
817295
46602
500107
849727
110031
257591
280279
472180
39927
74500
501151
358064
83647
1452680
399567
115070
81307
1368058
225956
1307399
73738
195697
611679
107391
108579
1440463
472107
138187
56096
57942
79936
92118
69547
39640
1620055
343536
89911
1396897
619538
108331
37964
76540
188495
94158
86241
458130
42468
97674
1600248
37743
1017016
153852
688366
92119
636818
69694
500117
1312963
472088
472161
37744
1602764
1619332
849720
441726
1053397
200081
1207658
70942
73154
186558
1312972
130967
498456
1088224
376253
68335
103816
472078
1038432
40663
95037
107046
1329185
1382599
611681
89523
61762
1080515
611683
58009
43999
49871
251402
282598
104645
113867
636795
1772312
109344
343544
64989
196189
510030
123958
57587
44063
931872
741529
236142
102296
1312954
1681237
498459
224504
90223
44100
1455628
1698946
105691
84931
548863
104644
331745
104431
81308
38643
97512
37331
1559370
75988
39010
940039
627212
567032
366255
68718
940037
303902
313882
49316
500090
44917
472073
40296
92836
472089
108447
914679
1452676
63403
103817
448014
1146724
1706465
375255
1582414
387871
79193
60099
1063862
175915
56266
723899
87601
325172
235725
702417
129919
1582434
69057
265592
591235
996810
42708
331785
669978
162862
866925
105662
1207663
591227
388627
289648
73764
116875
886948
270401
57181
40195
165845
84993
60700
94139
74470
81877
62288
269801
113891
95412
79189
1417954
79937
109089
301926
109131
60862
364254
298322
374398
289652
693473
116065
55094
1432741
64824
63424
908460
40631
97941
38290
106884
472021
316358
313880
93866
132447
102038
591217
42823
1146193
95414
39152
57657
148454
80769
91904
314591
74151
110213
85440
1223672
1088056
1081358
144106
45618
90791
68246
37275
196123
137229
250398
79186
39355
1396910
77011
145504
416558
821368
44384
47852
76898
105559
60583
58439
472178
1055250
286162
200691
360073
60927
405889
834595
130960
985343
1176417
409631
366252
205624
37267
87075
96544
762592
93543
84162
267784
118293
225973
366958
527631
55921
99901
816583
442389
376259
63461
269121
67551
425601
135071
42545
40312
129978
126820
70836
78738
285607
97942
65282
301915
124360
49861
83719
500094
669968
1366134
94458
931886
1582437
80365
375240
548872
107100
342378
225959
39361
1489590
375249
136074
69902
472033
62587
129891
1036315
929555
84621
113342
167110
914676
73135
45813
90736
162340
500119
99898
98571
73444
564455
77019
124532
804294
162337
985160
72097
130449
60170
238415
109729
77476
72798
42332
372053
1063855
152773
1582393
55426
100346
1228195
50283
69932
1079827
799433
985159
69729
43851
127193
65607
736023
36082
190253
110912
97492
1315836
94143
40311
289650
450413
101187
186546
115053
37322
60278
78659
80755
116999
103148
518079
398304
1036310
1063853
71261
1743321
121404
233199
697209
99982
84320
69261
593381
57421
45611
1075458
61384
1036394
41732
1582421
106368
904509
289655
81762
94203
236146
116080
1582438
106681
124043
1120770
839694
678267
858854
301922
472008
73153
100646
837999
39372
100046
39368
472086
50879
57179
119247
116069
149614
56524
1722421
200074
69325
76899
972835
57079
49160
67926
80758
331755
914684
145503
669979
702411
1291011
37569
212135
68679
271872
67923
1176419
65582
1088217
343534
72228
472156
49900
128915
289673
52058
1504272
199663
462535
84319
926939
311321
247515
97593
103087
42224
754638
76255
1450321
740391
57255
1517911
97590
112541
1007405
64577
51638
1131601
994070
1582410
116073
89527
116078
79954
702390
53434
362964
375242
215992
95416
804295
69899
88566
1396885
110834
71046
472173
958471
817293
1207661
83255
95433
996813
40906
1228191
60271
237640
61242
54674
65612
67858
388570
70369
331772
93109
83715
1344043
140547
67497
41106
212138
87602
41111
1088218
1120768
229599
203983
95488
43988
1344052
107558
138202
762605
115062
343535
237735
69696
129789
59707
70024
472049
350276
174325
107295
94667
83416
233191
636816
71919
167113
557386
116890
98012
93842
97248
98546
248189
94085
69945
1129083
331775
153964
472007
94486
77462
1566090
799434
134543
89415
80908
1454016
815480
1706471
89542
95775
84023
471984
250394
1505020
82526
1231078
1514500
1558696
112546
591229
59747
130962
482916
1722414
78733
76192
75549
331799
1207668
67988
103144
123471
138253
1451900
83024
697228
41108
248193
118295
702385
108482
1516886
134633
43011
116064
1322464
1716285
51700
370212
38781
76903
697213
1481537
343547
1224384
60550
99469
42631
331744
756872
1368076
128558
488050
51511
1037027
37883
1411169
69917
186547
1018275
500110
78894
260541
113956
914674
919985
780079
41339
56804
47096
77941
92066
1313545
953787
170180
331327
472050
118916
106783
132441
69883
55039
37890
96472
83651
593384
200003
61256
407638
130016
325023
263200
593388
96547
76947
495000
188504
501148
1005275
73269
91224
736124
57420
822698
441715
73086
1233193
77463
1436276
1582389
80361
70046
762607
247069
697217
1505026
1458700
668419
649540
1322465
74496
113908
203284
919994
1126616
37326
96776
44948
1582412
246494
79958
44065
96771
400238
121122
96457
78253
1535136
856327
471987
894830
271864
38295
88580
91353
121118
80359
543706
38554
331701
61464
50428
276931
69976
38642
331337
762599
238618
81133
54226
118301
79939
343543
237634
68415
98976
91339
611684
57080
86239
103358
80355
87687
388632
98938
1038443
122351
77948
785455
153370
799437
1458673
72361
229602
518030
1582383
81132
271550
1146170
129922
1185140
939888
36092
55092
1535140
1399418
140534
904474
270393
122715
1017010
63055
237636
94215
313881
278455
68500
1315834
360067
98795
331750
124185
1207652
64575
87355
1095211
202266
72948
105382
1397588
39641
1088279
116891
131605
118296
779964
87429
1472695
311331
43860
44951
59229
383022
73410
95417
32770
375275
302390
332810
472160
1120766
88381
76906
779965
472097
63448
225961
77458
741528
257599
250402
68812
77936
103355
242225
93883
200076
677341
280283
96455
83023
103044
61418
37266
681062
200966
270454
1396901
43582
81263
38646
93067
38464
1582415
96408
994786
48355
203344
136634
65904
325057
472116
548860
239180
1158261
1706469
838519
106782
56029
85493
59709
762601
97940
94664
1396905
113866
38291
36069
471988
72869
131980
186548
591223
138192
1489591
39159
399564
239189
53122
84978
37969
395054
1458679
108330
278456
343531
63057
55276
856334
64821
51702
55410
546448
88577
333704
325195
44952
93551
67928
1146196
780014
98020
1009280
789084
42331
98021
116872
296801
490704
112833
73737
372602
1336194
178202
1129081
37621
117951
1344045
99903
1356644
129917
472052
888462
82170
42323
97503
177007
1482988
472027
814663
130986
255648
117647
55922
461111
186550
1628449
375257
80746
697192
591215
67122
449906
41104
994072
77944
66483
1312962
132426
364256
95435
636801
1582417
60277
241234
57356
1458697
259007
145419
313883
105696
697194
97597
99265
964933
1037026
669970
338509
76905
73152
47732
67986
95801
285603
375276
110374
81267
57256
145365
49852
145065
118768
110204
577765
96073
1582400
112931
360075
118675
94154
79741
128350
138189
697196
1535134
43388
97661
39245
112930
240293
110375
96775
100678
96538
40984
43748
405825
428173
1368066
238639
116863
87659
79957
59758
76477
815478
112997
77340
110201
178194
57713
331766
236159
58392
59942
186559
462549
64573
488049
74494
99910
1093113
168074
112932
258879
321050
116878
311320
59704
1514905
162284
958478
110785
267661
61460
92067
121535
72870
162330
52733
63423
96473
112835
67925
1005280
118904
105174
242233
46526
788566
139646
856331
472105
48124
74600
1356639
548859
44061
814679
99776
1722412
1582404
1514493
103737
1044252
57909
64957
1453582
233337
115054
665841
100643
73867
1083353
83835
375244
567037
702404
567026
856328
1231075
80655
1228200
48416
388568
815483
57993
66484
1126614
124038
38292
112419
130088
472044
1207660
518091
39636
208632
96471
1083352
289692
132435
74641
39164
301919
128439
331780
81080
153100
91340
59128
267664
75663
591238
123811
120790
85799
203290
779994
1396902
214247
1007406
816584
227387
1255206
52562
124707
79239
888457
68813
1700791
804297
68216
404958
215846
75279
153957
53430
111587
48951
66481
42156
60716
1036471
268657
241233
105690
41086
42179
225958
61195
67891
78979
472043
471992
89855
196210
75361
196191
206038
162861
1313801
81162
113340
325187
204959
53836
1016001
62572
97686
1620064
71987
756802
56265
97507
113887
51648
186554
90224
54431
38564
39769
69689
908459
740392
76199
91945
59125
111400
343542
509315
442390
233197
38096
87043
37323
1064679
161093
1681120
59560
41985
132053
375241
126195
1368064
64579
376519
109136
331771
472094
63277
70379
75810
44064
39460
75121
756805
95429
203218
1451901
370517
247402
233970
163021
60568
1628454
237738
51011
370886
1181083
518035
81090
387222
1454017
178201
1582432
39370
139764
725416
56955
76277
102626
1387346
82469
78026
44315
57656
135493
73784
40923
390936
1458684
68511
1146181
51509
43188
54227
700907
59771
1103939
462540
1505136
150242
105336
45009
259838
80604
1080516
462529
110044
619671
137707
67991
77921
149307
139655
78251
71768
67608
95436
97939
1036400
278461
43391
621686
44624
1036395
314437
37365
80938
621999
948116
107909
108292
1036657
1059579
850629
702426
693474
69404
59228
47984
153101
80366
367343
121395
84975
271870
162575
331752
135215
37274
105413
83004
372057
906186
40842
325191
1411689
815486
124042
79828
230153
94887
369988
125872
267659
498714
1681123
51316
64194
101338
66121
200077
1356653
67408
40349
37972
289668
77928
932611
372056
82663
1036396
409624
551019
135701
80945
83646
43852
70374
48339
91392
834600
82471
74730
56956
84617
196188
237642
97156
263995
61668
107438
100323
269800
90794
74154
314589
567036
53048
1417965
591246
91521
225978
225957
200969
399562
1036311
225966
37335
104968
286159
49163
1600249
498979
39730
84997
280278
93101
1313542
91655
789077
285608
110370
225972
124533
230152
239187
462547
94490
110205
57945
1582405
1174397
92372
100077
472820
496389
112776
76055
56093
43594
46259
1505025
366956
37003
400235
97493
37766
461112
1018276
60916
301066
1450320
118302
281374
267490
110911
373705
518036
135793
53427
472062
98765
301921
364253
579371
168080
496669
80752
203860
1458698
940041
106146
815484
59756
43994
472117
237739
940382
120756
99907
153948
133275
1005269
113862
130013
734278
697229
108322
71760
105862
111599
139737
77319
105861
1716273
38297
931877
77474
343530
39879
601642
257583
48418
766374
958480
301924
111048
110718
1126609
80650
57082
178195
69537
39011
213390
1146173
96675
138196
509314
188019
1368070
1396899
703800
123794
888459
61435
298586
43386
162283
1288650
39179
1207665
217016
214480
472130
145329
416683
40841
518034
120789
1085685
1228189
54471
331805
1036652
551074
75142
112998
636805
205450
1004825
71277
138200
102255
425319
129929
90435
249520
119829
98714
1356642
366249
702393
90889
72599
37749
1451899
1368059
63452
229601
80597
37750
95421
1396904
1075456
286886
76678
37286
190698
43397
233335
747837
99897
1681183
40359
509318
814671
105687
1458683
41984
225963
591224
447334
55932
94084
1120779
78323
72601
75665
193955
53125
398259
107544
233193
116293
1036473
44381
1120771
789795
55031
45139
48123
44060
693471
116051
591248
196192
1716275
611538
76200
54467
50430
1083354
814761
1764653
74107
1315842
107434
1581203
39925
229957
109015
472168
53429
579370
81919
42330
60246
145331
1148449
132057
39638
76056
104404
1505037
126284
69697
1489598
1207671
472058
97730
72780
72329
84781
66773
49378
239185
57416
89914
61181
55095
43390
70069
40176
360069
1001931
591243
1436278
82668
99906
37568
331786
1313532
271878
112826
1053874
53754
232913
518083
110710
1063852
136023
87395
96661
1772593
77336
59559
135059
405823
619569
204394
55448
96915
59710
80748
151365
1489600
111404
276681
132562
77014
74449
357557
61039
97910
462519
54755
115051
68509
52564
1716277
82740
69982
93703
996799
225937
734961
39878
519507
1626828
95444
217015
118287
133374
69264
1356637
1005288
1312971
43296
104509
1492345
66482
405886
129907
1505017
331796
290506
187283
117018
442387
331809
472057
129987
325066
472018
57827
289653
96660
65604
124249
42840
1005282
117949
55277
1708614
200687
76902
69965
80941
254558
42237
269128
1313553
39550
108010
285368
285369
331348
1016024
80603
1482989
98479
567027
37747
50450
105860
1312957
850628
110781
48270
1396908
56497
1450318
472019
288447
99267
407639
91146
71710
1582423
55429
70561
1036316
472195
474713
67223
61192
111551
39498
46529
1207654
99836
103085
58393
84990
136639
105103
40051
472124
106842
76206
1777452
43853
73446
50659
84916
1228194
110998
76391
1228190
1129078
100507
89912
56498
103285
37012
44804
1356635
226679
79184
240292
89540
762603
118035
1213332
38562
343538
474823
1535138
41466
1621241
789074
42500
186204
90286
331813
196138
48956
63447
472085
1458670
462515
41109
904472
225951
550807
1252876
56101
73236
48335
45617
73089
905407
109088
57428
196207
45008
81209
1036466
375236
48340
49089
69950
1179045
95798
47097
441723
1324574
110445
44921
110009
72337
132061
535691
472064
66678
100282
108321
85887
229603
270396
377227
162285
135804
360076
106779
88654
702397
343552
372054
700905
40847
97729
1036318
73474
194884
67994
76778
1600246
107202
500101
364736
116879
90277
85069
1146188
60171
1582439
702391
1509867
95002
96549
59760
472069
462525
92964
591249
77929
84624
131720
39647
93540
41271
331801
135810
42329
62571
95487
472162
591211
472100
88567
97660
163760
45412
1146183
37366
233187
888463
135805
233188
1312952
53438
1273629
83491
39124
97513
97254
42268
226775
302939
111629
111622
68651
1432739
1329186
472158
641145
129899
929559
441708
91943
81313
51490
278155
1750622
62287
132421
257585
486860
57180
375260
76897
677342
72158
472134
288609
71265
295749
331347
202264
719791
124336
1079828
45562
472072
79202
639929
375277
488048
110836
76714
285604
200690
697201
1087134
94488
42040
1533026
76908
1356638
814760
225948
40877
838003
133989
939887
49418
763714
274379
200369
148452
51508
252637
991313
56486
298593
472146
112928
237644
100028
89541
83022
127243
841122
313444
85379
570154
48031
190401
61759
1313533
1344051
409629
113858
1514901
132536
1207672
44622
635748
74890
250392
492896
363535
1592665
128913
39579
41493
301065
200082
43747
213888
288802
166280
60261
96458
45514
409628
48940
1582418
118677
242579
132422
98413
67856
439142
331754
376252
230909
200212
52858
42606
98651
325062
325171
1313534
40550
48132
125386
75848
996805
565652
43437
395607
74690
1501547
116066
762595
90429
76719
1146175
622004
373704
885948
85113
996811
129051
374397
1706475
62592
68370
39371
1706468
51351
471288
70829
37211
1458685
57658
129910
95496
250397
112916
636808
257589
498431
80750
37866
1514494
233189
200683
112834
200688
535202
1395582
77945
780016
76756
49543
166277
1368053
331332
93936
130075
239181
257586
285367
178193
92834
68655
59492
343555
188502
338196
250739
669966
87392
500095
116871
74462
81145
60514
98663
118288
75655
697226
103283
113000
76581
102028
84698
195696
70023
1099670
472070
1120763
77472
116072
39459
472023
62990
58735
37404
985716
98480
103354
132560
472001
425363
472108
80209
73088
40447
101955
1066899
462514
904478
462545
103826
77342
77461
135219
48421
108336
472192
56933
998022
94886
38645
53949
192042
441616
61201
49384
75283
76948
488046
100640
68934
58051
740253
204393
780017
521419
40993
1005285
127196
186201
462536
93069
919989
43651
118914
509308
1411691
138183
79729
39677
159693
1017019
1458676
399899
285605
54162
96770
53428
1522954
38638
1356640
90687
518029
124040
51010
68199
804293
49528
789069
1312959
642501
77920
42632
1582419
96132
88855
472004
187996
1233194
49544
129289
92820
80084
101170
1514906
1582374
42707
301887
57467
133991
105414
53800
42327
81141
424214
650178
623172
84977
71988
260054
311328
139733
114437
225974
702412
97473
105765
55580
619567
37841
52411
97179
96453
282141
75116
37730
98478
641144
702409
1344056
208248
64329
77597
1176421
161717
108338
1451898
239192
42940
107437
60364
105866
1450322
82036
118882
95794
242305
43385
498713
116287
63245
723831
331770
77939
429307
60274
178200
53449
650179
112917
1417961
96954
69085
286987
69705
58878
103082
153959
255657
81776
331756
43387
369989
269127
130978
48030
102249
103284
343548
1018295
130972
59333
295746
370993
249518
966907
65634
112926
375273
39924
52140
236172
73412
449997
132432
213389
101620
88572
101632
472182
430857
39106
501154
702387
97657
318044
1382598
1501546
1228192
104421
39496
858853
856332
225943
687408
780046
68706
1018273
129928
108446
68215
47089
98325
73081
91342
248169
494999
97170
58933
66783
91749
1064683
1063858
49105
763720
621685
248191
472150
59769
116862
514852
79177
702389
350275
122349
63053
97658
108328
94126
288350
90430
94149
522320
498457
1620061
105692
84918
100344
47565
78794
815485
375065
1146192
441727
199819
289674
760498
650185
109087
109132
70564
40261
58395
940048
510031
72216
98096
702405
551075
78350
1698947
56107
53118
136243
76900
48495
42036
75976
58007
80356
548868
78671
190248
358287
168928
233192
472096
170135
277704
1368075
1411700
257597
331807
270455
37868
93882
1461200
109109
53581
384575
85798
101340
79956
814664
128482
288355
187543
641140
1600245
1307400
226683
116873
888452
128076
940045
325084
914490
94146
40988
97733
233333
779996
1129079
271869
518032
98009
1582390
138102
1228193
501150
89535
1021166
1458680
1652976
247517
92817
1099669
113653
39168
68248
85580
97659
1582426
110027
37772
98350
39208
60269
44000
306466
97734
270938
60861
1395585
59061
114014
145508
94153
37278
98572
677339
97490
44903
38110
496800
39295
45364
108618
702203
37627
63556
280282
46649
185291
110357
101648
92418
296805
57178
42044
53890
521303
814665
96086
232911
509312
45411
37287
81111
472098
191078
59285
1519469
61462
87520
472153
237631
79183
636800
1458677
58982
734963
378036
619670
108334
99908
113418
136385
375254
132440
224829
91610
500088
668421
91918
89518
44504
368149
331334
74659
1312965
741525
53755
402963
1514497
388482
89163
97489
71391
145330
650181
129912
120788
237183
75651
40356
67983
1065031
84032
186556
37928
97911
96550
1088140
42634
69548
49382
135677
548867
472125
1582424
73932
472118
203283
106841
195685
301923
78028
84914
58879
472190
613665
347926
325174
87519
135062
42194
65301
570009
75947
103441
37879
271866
102610
40608
75622
1130077
39353
288352
135222
462544
988105
65614
46928
47568
1207657
1439537
85882
99272
84131
1706478
93130
1582388
270394
108884
221686
814661
331769
90358
669972
51360
85495
88614
37506
702419
85540
83229
134621
37991
170179
132062
849723
376235
110371
288354
93702
67785
50307
41729
285610
69984
1722415
68250
402964
91206
132438
94668
39534
97629
68371
1582431
789086
726665
1452669
227388
67821
111624
1505029
51494
77171
59440
78352
996800
91025
906185
472140
723901
42844
37962
111873
1095209
73464
39358
58052
162399
65618
84510
206494
120791
69979
858852
48420
376258
78024
70838
591212
80414
77021
65615
131020
48419
69090
636796
1315844
167109
116062
370518
363052
58053
1312950
72212
77951
48415
236145
84508
39892
601645
81366
135789
1341744
75650
113685
102066
73471
1344061
472087
1041448
83855
233338
702421
188403
83815
153963
1368055
472040
226772
75915
311329
1368071
894831
442388
686055
237630
46543
289687
1158266
843548
118921
331791
78946
314592
128329
86127
834601
104301
56934
472202
61200
1582413
91142
58167
75097
375251
395055
593082
80085
111394
370988
137977
567040
40448
80352
168075
178196
65281
124535
38640
57354
756803
1411697
267666
271303
111013
1120775
39649
129909
195686
1417963
69403
69109
91944
93366
59767
39967
111399
51652
100639
84021
368147
59376
91341
364269
550809
301918
462528
83003
76538
472175
200078
70114
92878
41458
79279
41970
424213
106558
84022
72087
856335
1368073
124361
472042
53433
636802
136640
96755
106778
102248
79443
110211
55963
1452674
44098
51142
128057
77949
37967
55093
49902
92944
255495
120755
186555
67984
94015
40992
1411701
72189
472106
81181
52410
67989
74455
636806
619534
206317
242231
466263
1349593
48699
57896
109772
40184
129107
472137
57991
1120767
67334
40194
1036398
225960
113863
208367
422368
110373
1038444
134631
38635
63709
47775
190247
331808
56523
111588
1396898
50649
1389866
122482
282026
1036309
91144
388566
1750620
48131
77796
500109
99864
1508789
42629
82803
331763
40893
789079
37328
110908
87825
86849
218729
364268
113890
225945
127889
257594
70059
779966
611678
51910
471996
104640
89525
118032
1582407
472061
218730
108613
40450
42822
75269
51642
55278
1490843
100641
1559483
105120
47774
39202
73134
110699
52141
375281
44633
111388
92835
1088051
188498
202267
214249
1396903
267095
285364
75360
58070
116077
77912
39870
925244
200083
72612
118292
1722425
196209
108858
441725
136635
1458687
249519
44374
130031
99895
1038435
106784
472103
76054
428605
129926
43850
48556
1223674
343529
88581
95663
37965
1582382
76907
37745
301889
289663
1614064
92946
1312970
1080330
40067
958476
42836
77918
138092
919993
40836
59766
856336
103143
779998
815474
65149
1356641
1706479
71711
47076
441711
1037019
57468
648236
129930
1368057
1489597
275400
1454388
280280
509317
115532
502009
287448
1508791
104582
265729
331338
96542
375267
248170
136638
69265
62414
38112
437349
125892
721775
90442
389250
57253
424212
804296
79556
61258
1036467
88616
59079
905406
1129086
75117
940043
232916
375274
1063944
76052
90064
125882
185719
1458692
67786
49415
75277
472053
117524
43096
118290
357802
1411687
74780
118895
591218
237633
95776
669964
81590
1215157
44110
236144
129872
61434
66485
87718
236241
1335002
904508
80657
1005290
1378611
994071
579369
1517910
36090
53406
1502911
247070
103519
49889
65394
72093
46461
862678
59494
98008
39182
1120772
229600
1036653
1356636
101865
289646
1005266
42863
73158
78976
63769
87296
289690
1088214
49899
101249
112921
91032
470465
375259
1036656
409625
65414
77934
85116
225952
96637
93556
53858
100506
43655
289667
48947
314442
271305
110714
1064655
204957
111402
39180
39247
98163
763723
904473
700906
48945
118678
43960
168076
238422
64983
124375
101333
96658
76679
719337
293819
464842
702422
130001
488051
840364
106781
92155
105804
37620
442386
1344059
65642
838511
1176422
95812
65617
118683
822696
50658
122309
65443
109576
373702
248188
1489676
52860
77343
64710
814677
40602
1620054
54820
113889
53159
78535
98659
99905
1223673
67121
82059
138195
622000
113127
365370
289660
103196
1439534
49547
57714
42652
996802
73157
1411692
1722408
130979
65586
39369
145502
81291
57084
77596
91378
69910
940384
931891
611675
103537
72608
40360
347582
1681117
34783
697214
158249
65608
212133
331803
117423
149305
162332
196208
343553
75057
1716280
108617
41246
723900
449999
208726
92896
723898
405887
77013
73866
64121
110906
375239
39344
113868
151360
82722
96123
225941
100349
59936
61767
91751
44399
83005
203289
77938
472200
75092
101168
99911
101647
40660
91281
674846
314001
289689
656071
1519468
82237
325192
1582392
186202
55584
90443
200697
636804
72001
1750623
96780
105637
75894
265728
75101
199666
41484
100281
202265
37358
591214
702402
116294
593083
69128
252640
734281
702414
1093140
38637
789076
242559
1485510
92952
44908
41154
269126
122870
48367
958470
293454
375268
115601
39181
1044251
48368
74461
1315831
200009
472123
68935
62570
121397
208725
57811
135064
131727
257587
503412
50650
1681118
1601763
40298
39639
43959
386841
72096
51334
357788
1053374
92125
1396911
567034
384574
95810
601644
38497
370217
222783
1120780
1275114
67990
106559
98517
129992
1505022
703557
244778
1706474
61085
47877
331798
196196
750988
919984
1722417
153943
188506
325083
72602
51807
1063851
1505031
85826
59197
301885
49888
723891
49317
43399
66478
74468
57106
129924
1126618
118304
92956
641143
481225
69980
42041
1368052
232912
196126
278458
91657
117428
233190
42370
472114
472157
55583
101089
108312
1614065
92415
108332
63451
97161
39946
472155
77344
213889
124373
107587
293455
56795
1582403
793564
42943
187279
200685
1341742
1036650
1716281
71722
1053375
74934
44111
439143
271876
135674
132428
58266
105171
81261
43932
46262
129931
110707
34784
77190
76723
669963
126281
1097847
89517
138039
462543
138205
82380
591250
115066
203280
42325
243015
1037024
83720
472093
91659
843549
255497
70380
595269
69108
129685
72611
1312956
108335
48224
61433
92832
38639
70944
191965
472142
845352
76755
90282
109130
442385
1095207
641146
814675
375245
591247
165115
89422
73933
1460441
100815
41997
613007
88626
73700
1772543
48941
233722
93881
688367
124034
293987
1417959
916992
67890
325087
1129073
43551
557384
1329184
82379
53120
343551
697227
74642
200005
1417955
314590
75282
98940
109572
225940
43858
111626
1005291
267663
613009
107067
130014
113343
93075
1038434
39922
75662
73155
58306
1514904
126282
61193
109773
213387
79241
888461
97413
243016
1706470
331336
64991
1582411
271302
360074
472026
127249
41357
1082231
641138
44382
593387
1417953
97732
40845
178340
90225
69730
190402
632185
67855
409630
270392
73486
384373
98660
278459
92482
1368062
996812
98937
186203
613670
148457
51355
136235
472022
208724
116075
90089
99933
814659
135806
46780
1436273
70044
42155
1368074
79194
37272
72217
110030
264707
60604
208741
63557
95499
688362
79188
186544
73739
208728
55353
60275
106683
1174398
852088
77940
1036464
462513
375263
78895
472038
940040
996798
914678
40179
331784
39028
697216
39505
1036402
1087138
53884
62987
635745
49380
232914
44057
849725
60262
116896
200075
593084
75992
405883
110723
1455661
216762
167111
474822
110904
104513
65560
77946
118317
58261
94144
233196
89417
814762
669965
500118
1382595
81109
1688588
71995
1344058
428602
75113
1088054
269997
447331
72598
1313554
100680
87077
44447
1452672
518080
44380
237638
833873
500115
69930
1095206
409632
135790
402111
75357
132055
68659
72286
301917
55363
76710
60866
298323
96657
73133
548871
116295
269120
61792
285366
79959
409626
233194
70923
59081
510028
44040
75989
1063865
548875
331700
57809
39926
494998
99912
48555
44998
785454
136523
1088052
309919
238413
702406
39444
289664
1050061
1396907
85758
248395
81637
40585
39461
41521
98939
51012
94662
101902
375246
1228198
125947
58111
129889
69986
789799
200965
196187
110795
346288
74932
72581
298592
1464288
1508788
98351
65609
1344055
203217
326895
125067
1706460
1536354
1036468
1018278
111878
354371
441712
1146168
591219
550810
84639
839722
70045
109021
200973
1646897
78328
152775
48341
74681
76106
914677
49911
101213
39108
343549
104737
55177
939893
88382
59546
87430
39643
71990
1312969
73163
77917
108517
72600
69266
92880
125393
99899
72215
94639
78351
1344046
199665
113864
162890
301804
270395
1312961
347935
44950
100070
1722423
89451
39349
423816
994013
278457
314586
104402
673086
52565
940046
118680
1282328
77475
134630
551020
789082
409633
51647
257588
550964
72014
208719
250401
80764
1069352
53117
77508
108693
1417956
814660
702396
45803
46458
109925
39462
190399
235726
243014
88384
107070
110907
1458704
72094
1172870
80937
593386
1382601
55427
47748
444375
41929
75181
73177
87690
163762
105762
1411693
99812
257598
48551
839723
133776
762602
51639
53405
69092
270398
1312973
1396909
87432
197005
388631
45333
1207669
313884
87657
167064
48944
57330
1231076
135078
472079
132446
1533028
472132
163763
314588
162333
252634
56979
188503
45404
40746
43664
498454
108339
41465
70376
130788
650182
248192
1088213
100339
789070
286158
71330
56485
134619
90951
593382
59083
1450317
1146174
201960
1454014
49529
1223675
45613
1037025
134601
472194
1150177
237736
40601
199524
518087
1146176
97805
591216
44740
57357
1005287
101864
96564
138095
82058
130442
79938
77927
400237
58938
76051
89221
225971
81152
762610
50308
76685
72095
168907
1083351
1505019
136636
112777
63474
191966
793565
462516
113869
814682
472075
92420
932610
81121
97128
68658
723893
76724
110722
87603
238636
105685
108293
54230
472076
178197
63516
226769
42998
135771
196125
496671
331753
68649
105326
225947
200004
77950
119831
68247
462509
37288
1051670
458127
1505134
59748
79851
162092
73470
37825
1396889
50741
472185
331783
1320334
790253
75090
44910
668057
81951
113958
165846
271868
48223
95797
639930
296802
472201
257881
91684
1341427
44710
97909
343550
288801
1344053
42974
97478
244779
57908
62860
124369
562343
1207650
591233
762584
250396
59705
42633
96574
104432
203169
42638
79200
314969
332164
386838
103207
68662
73453
225970
96070
500116
81292
205448
931876
153956
81131
133582
37968
215990
348502
39646
38557
518090
1120762
40843
577766
91390
108619
40900
68197
196195
72669
929558
67885
472077
65643
75660
111006
916991
921796
1258096
940044
132445
204958
372114
68380
1582433
697215
130961
613010
296804
762596
95187
1088142
90275
110721
67564
1017018
1231079
113420
225954
204954
313877
70057
60507
301931
200964
128483
131971
472111
59082
74126
1582379
71307
73934
518089
49374
939889
46264
839724
56891
135214
1489593
96579
72760
1088215
153966
466329
96656
619539
904506
216763
497995
60266
325157
649538
472174
89528
107554
40989
79955
111416
1021167
906184
80087
462014
79961
73427
1146164
702384
72225
135218
711139
51017
472013
687430
74767
1146186
206493
1287882
103141
168908
111876
1158262
110358
87689
225946
233186
112420
301798
99896
84625
1706464
45413
84641
80367
74471
331764
200961
75654
88024
301934
96069
102625
78324
76143
228303
98934
57500
500087
48876
63234
226639
225965
789085
636810
195196
124708
58072
45945
97787
313875
100342
471983
789800
1582408
37864
849728
75845
69267
204951
61194
472056
116076
827639
76204
518081
441617
188501
98017
128559
62989
37622
72321
55570
472082
91606
932612
83167
130042
49375
91113
331778
138179
75098
47567
85881
108340
799439
53439
204953
395052
168905
462530
44508
98330
94241
62991
200011
1207659
91611
325077
239186
190249
472074
96966
44041
39157
636811
124371
814668
1399249
314003
99029
76684
472126
189404
53126
119052
94078
500120
331335
54137
56535
353684
52251
267658
129871
343533
1582381
289671
75661
68653
96071
212094
49546
82392
82539
49383
1722409
151450
1215417
72381
250400
69058
1005586
75122
199818
117003
277710
1624039
789072
237626
101342
1411686
117020
804300
301932
122551
849731
40583
84917
38009
116880
527554
54469
500097
257595
37886
69257
97591
85774
1368068
76053
1339228
226633
57053
777039
601646
56108
41140
1017015
214481
288446
814680
375269
36086
72879
472036
61461
331747
462521
1064680
70065
122390
1344057
112920
242222
1620057
1001930
319832
1016856
350277
37229
225939
153102
71999
702420
105693
1382593
37304
56105
70559
71461
186553
636809
1452679
44314
79197
518082
129908
44062
1411168
82183
56638
86240
101619
108785
78737
462539
1582375
186541
756871
93108
41105
39637
43190
39166
51014
529449
1179044
55575
50112
835848
109138
101550
1120764
252631
441719
97514
43650
243313
104929
1083348
1047980
203281
80939
178199
888454
384087
132433
331105
1489589
96654
1396893
117000
1120761
38094
38631
108337
42186
65755
200692
106786
132431
1514502
79196
289670
81528
75118
200684
37213
72348
84616
1099667
90432
96067
72896
67120
63497
237741
79195
103211
95799
37215
723832
129932
650184
1435440
57177
289651
66870
63052
53119
1458686
331349
39642
1313544
1146184
97912
73085
162336
1315841
681051
118681
97589
95489
1039823
265732
69405
1411698
56803
91352
73448
252632
63445
233334
471998
77916
123045
1312964
105220
994014
92763
125071
76901
105875
343556
101582
278154
70060
1582385
1582386
50704
69549
107069
98019
58124
518092
1176415
72320
138581
80360
57081
797993
39768
72211
126286
1083349
97488
122691
366254
1179042
762975
135792
124363
110172
73084
383021
37992
95800
48342
929560
233195
44900
124367
399566
97494
46519
834449
59708
133079
521599
1582420
40844
293818
80159
472147
44739
41360
593380
677340
1120773
827641
94016
70058
203288
1036428
1288649
78224
441722
61083
90980
61198
72326
72960
1509868
108521
66964
1181081
87431
69220
325161
67285
375081
375265
55440
229604
472141
115733
1207670
376245
252784
161718
90440
442383
501153
188497
95420
111170
72658
95430
126813
78325
39752
224026
89538
78023
520647
136236
127890
206462
449998
96269
303901
39109
723897
906891
134622
593385
40922
124039
86593
112929
38492
208721
42211
84623
789078
57800
39345
55956
95985
894828
931890
822697
1772309
518094
130061
449818
75984
129982
448013
89519
252636
93557
99813
424211
60172
314000
78322
87393
796150
237182
37179
470464
91280
59941
844208
40920
71709
58961
669971
375256
1581201
472197
1411694
785453
1722410
94734
263989
56534
1126612
331748
1005272
83650
996801
98764
472059
509311
110950
239183
60273
47098
106838
132349
500106
96963
293817
61583
357739
128344
44629
257178
511803
1663773
208718
289659
105230
455436
91354
91338
53520
1344041
1344054
591228
267667
69987
105348
458129
96456
41084
161025
110025
227615
84024
124372
188500
110038
185292
318043
80940
52074
702204
97515
472138
61136
106337
63446
75653
270399
39645
1600250
76205
96282
1146166
295750
42435
1005276
72203
568153
72333
95422
168906
53757
71920
70067
567033
41081
77926
101214
301933
43993
740393
1501550
114013
132059
56537
94900
81140
1224386
1490844
81259
88615
451676
298321
40636
72224
70373
501146
1396906
204267
1341743
57332
138185
37888
177008
1514499
68719
1043461
649539
1288648
73876
593383
462510
37880
375262
364897
756806
1005267
1458672
518037
56264
39930
59127
48760
41216
372090
237181
1356652
136397
622327
45517
636817
756873
108620
1146165
74944
69660
63871
139623
74155
108518
91658
228070
69915
91012
498432
591245
1501545
81148
520644
75115
662071
50881
83597
56639
263992
57331
370889
95779
135074
1223317
1146162
73445
57423
125102
92116
37863
48949
1344047
82536
81290
462534
1344048
53142
442384
51015
84930
62998
98797
45132
91734
472186
188505
138194
1146190
985161
702399
89634
94990
58734
343554
1099668
1005281
271874
1514900
213384
139934
110717
40661
228302
123787
96777
52139
36091
80370
131602
1066897
331045
77937
40991
80357
232915
500099
387223
449816
90283
98196
1536353
75652
81208
636814
112922
51332
48554
49167
112927
96772
92668
1417957
43554
903533
63788
405826
1146179
281460
611677
702400
1146172
110796
929564
518031
1505032
57254
1411690
472149
72100
1315832
472133
106839
37786
472143
72327
200689
107041
838520
73400
106040
1005273
70840
702413
674844
1582416
196121
1120778
520648
1623064
136024
64891
1344060
917938
214255
789089
55559
61199
107402
39381
241231
500103
375280
994785
92152
1458701
1130082
69940
60682
95813
69702
1582402
206492
1063860
72213
929562
162334
203287
1147177
130964
105805
1452681
102041
79940
1312951
72324
196124
702392
500096
91453
99468
51640
39026
471985
46459
78661
68501
80354
591241
104294
82256
849721
105803
827772
94142
55439
97166
736024
298588
106090
271300
449819
75699
84511
1313552
98165
1063866
190250
1458699
65610
51329
90207
117139
59749
124036
37384
42501
97474
43769
74458
472199
43555
343537
37065
214246
115423
62454
60094
94018
325155
1164424
66480
93549
65279
56499
95763
106777
51649
196127
74457
90979
94492
48013
700904
1005284
84943
61457
37329
67888
40443
44011
199659
107066
71763
319831
69107
109091
697203
1450243
1505034
74152
236173
83256
267657
344820
1778123
212098
48133
59052
132430
82407
53920
103287
51641
56539
129937
1063861
73432
40987
1458703
259180
472035
178226
1581202
543708
472101
697210
265473
441716
388571
51335
81636
200968
82323
472135
48552
814670
86056
973981
1452668
520646
82468
91419
301916
51362
126285
996807
37765
1103938
591242
973980
38493
1053875
931902
474824
148292
1582395
325175
723890
117525
145499
281459
94479
61669
56047
72000
49376
93554
285376
132424
161091
110980
1489596
37332
1620066
161092
668056
95503
39165
636803
81369
1582409
50739
226160
43780
57810
167112
100887
1722418
115064
472166
46462
472176
100644
94674
230923
232909
1472696
1681119
375271
49318
56637
376257
682288
325158
789075
100139
1436274
229954
60554
95419
241235
931901
50410
117004
280654
200695
79073
88720
777038
906183
1231077
373706
76579
623170
510026
112530
301886
42045
57353
100330
108199
42192
126660
186200
54228
170185
135808
243266
1458690
669967
112996
121394
111875
70043
93071
1535137
94732
500093
145507
814678
67516
622002
260056
96752
1706461
53882
225969
1356645
81310
78954
80561
1455630
285365
68382
214251
59703
113001
252614
70377
58112
1582387
360070
99983
1036462
94147
500102
1417966
1120774
1411702
70370
958479
462538
42365
242577
37303
59715
104400
39050
1312955
37731
108005
388630
693468
472054
723894
37325
51333
1028708
191968
159695
49742
110909
110703
48479
370885
474825
129895
112230
128640
636812
622001
40119
107068
106833
1758046
81150
814757
89266
80759
68249
693470
1158264
107389
619537
42226
697206
54161
44623
81130
233332
102308
113419
135077
471997
208547
1005292
914680
331806
91754
496672
331804
214676
1396900
283342
65564
65756
87599
121868
1646931
1130078
996814
91350
84757
1158263
894836
462526
130030
124682
635752
697211
437375
37865
97854
518086
89449
697204
859654
500112
1716283
65779
314749
104969
1043471
79361
821369
96454
80904
239184
368891
1581200
54468
185290
331329
186545
288349
105857
125514
942120
668418
38559
102294
68743
702407
42936
100894
422369
95498
82667
642502
535629
131604
92614
531010
226685
92963
375258
442382
1514902
229956
497513
688363
56988
93497
73998
929557
1146261
486859
45136
46840
87391
1288651
42721
1088216
789080
472095
289685
49379
888464
101250
80761
763398
191079
1146199
98195
814658
919986
1582398
1065030
132056
1505023
128485
269122
222782
63785
1411695
500111
48345
1315835
91285
99183
388629
472032
252119
153968
95497
972830
242232
1097848
276933
136935
636798
214482
99467
101636
75946
62880
56735
186542
1458705
98625
1207653
104188
996806
73160
1037020
75106
139429
741532
65003
201958
357806
109459
377228
145500
132423
106830
190415
56954
1315837
73162
51797
472002
557388
93338
58708
70049
103815
1501590
1129074
77245
1652975
90273
74660
501149
72318
994068
409627
226954
39507
548864
1312958
72604
315359
904480
331762
65150
133078
276939
1341745
42372
39929
60276
325173
69131
42328
112965
276938
1095208
82325
45370
61585
76198
93074
96753
78944
416682
48028
94150
67929
1582394
107392
80358
1087144
817294
780047
69406
271865
366957
1458678
1066896
55914
760497
697219
145501
591236
45513
472020
52563
131730
135363
224503
497408
214675
296803
61413
86238
472169
237627
71329
67524
130206
693472
462541
226773
1088281
1600244
1053391
41969
39928
1275115
123043
80364
101548
186199
48943
71041
904479
500113
611680
112865
265204
49315
1312974
42961
65942
422370
1614063
100331
81151
996816
222140
195680
78319
789798
223146
1582422
69402
72214
301925
101954
360068
135221
69988
57422
289662
96956
67919
84618
103086
479928
331792
1411699
99904
255172
65559
96130
55577
514853
95418
93073
82378
46648
82397
43394
215844
446788
40584
97595
88565
894829
1147240
101974
301930
1036392
113125
42963
84915
131969
1356647
77168
904475
75496
929561
1088280
75133
1722424
368622
1455627
106780
83676
904477
111623
1329188
51328
80609
51139
70371
116877
64316
1582401
250042
209086
1519467
50657
1716278
1047582
49794
126196
636794
331779
65616
70614
289688
85860
49549
94216
61459
226677
69259
1146169
472102
226774
70943
110203
88579
247516
255496
49848
77933
518095
92414
220653
67792
74492
75232
225953
804298
904476
52072
69260
85659
1458681
958473
110711
38261
472084
1582391
88564
144422
110725
59297
314750
1315838
78736
132448
1572114
1131717
112919
1451897
388565
70368
286161
49423
1582384
1315839
91454
190252
56094
95423
124374
132425
53749
567035
208731
123472
45007
1508790
38294
122866
65562
69091
68254
47094
225968
84620
734962
135777
372535
49256
931881
567041
50114
996795
518084
38296
61432
702395
562346
1005277
627441
39442
267487
777037
148764
697207
76202
116866
82377
129911
591232
92422
52409
135364
472047
45512
518033
79427
40632
225955
100471
103142
238419
110026
83429
71331
112999
59757
914675
72107
69931
58874
130032
500114
230349
104559
41098
84619
1158269
96781
697225
77943
40117
591234
1517909
162892
130036
958475
72666
702394
39107
95431
63535
81454
55262
77185
697202
100340
763725
762593
79182
108319
425322
71383
1473393
72191
100682
1501548
162282
314440
674845
73736
472016
472121
1038440
635747
96074
186560
132436
1396894
363533
39029
226674
1005278
815475
313879
37746
68256
425318
93370
102295
118309
270400
375248
59706
138101
1505033
135807
462520
92417
416684
225950
1514495
1505018
95434
491062
1722420
780019
110378
1772591
41275
242224
82892
103742
1582435
428607
98935
362398
58055
84612
278153
1063863
199660
60843
101633
208722
68730
1174408
247674
60515
117952
763718
98018
591225
844207
77335
66566
76683
120786
90688
138207
158248
74804
252175
108771
1312966
1005283
67550
96779
133994
60265
227616
70565
47564
1005271
52138
38293
472015
518093
98936
206431
75893
472031
70562
447333
54470
39880
91115
85534
1536355
591244
118893
472041
49166
399560
106840
147463
135672
46522
1600247
931879
263198
1382602
225977
81878
816585
44038
112778
57464
472191
697223
635751
509320
37751
131090
61196
347936
91145
1458702
51009
301928
138188
591231
47087
87183
488047
110372
130003
72223
44042
815481
201959
51654
591222
59230
71328
58021
248186
75103
84626
124534
375270
400236
40915
145495
106100
242223
116291
105859
87398
52581
289679
1176424
1312953
38498
816594
462548
75658
46810
325085
92949
54757
48029
1722411
249524
591239
81265
238420
264000
82675
53431
289682
1307398
72347
100478
80942
84942
191964
38495
116290
472165
375250
36372
39027
57355
461109
706738
1224387
104187
313873
1087141
85114
70839
40892
472034
423818
77020
55352
129986
104639
115060
1066901
51404
1146195
101556
77922
52070
73473
57083
196194
1706459
894834
116867
48417
188496
725415
208247
406449
130969
76541
105226
289669
66965
57140
65583
65611
110793
75119
102794
635746
1312949
65402
1681122
117007
53889
67857
57085
74439
780000
73428
110713
167114
60511
127275
91408
48338
65143
848343
73416
129898
390065
1706458
1146171
111552
107071
1356650
92881
518039
40662
145496
929556
462531
1344040
611682
201962
472113
650180
73184
92421
241232
113341
325188
548865
41359
1351747
74495
104738
109414
641139
237643
97599
1481523
109458
1087143
40990
187284
331812
45616
839690
73265
69693
69078
39359
208720
942119
37361
39869
288351
1174395
91124
1215418
996809
81368
74448
81137
363534
611551
71764
162331
147525
55659
1015402
127891
331765
894835
51016
223731
697208
56526
73082
734280
43189
53888
162893
59126
471995
439141
347938
996815
384086
72330
914672
462533
186552
343546
117523
62286
56592
132442
249523
44037
325159
204960
61761
203285
84615
95807
914682
82394
1087135
81163
278460
931885
237623
97126
71263
77513
157812
44375
956669
89474
1158268
386846
388628
118920
931873
39499
116876
257592
91112
1051177
993954
126544
1315840
73161
44912
73435
509319
122308
93547
471993
971425
908189
56103
51660
502010
66611
54229
242560
375247
346290
132429
42046
461115
1036319
208727
93097
81309
67992
110202
1764652
36373
117948
72603
105924
51492
472122
92960
107445
780018
797990
76539
70066
1356651
44379
216761
151376
509316
208267
51637
452786
472065
1772289
191967
238638
95427
72323
1146177
119238
1312968
972829
331768
1085686
208723
1501549
609436
1036312
500086
789794
51491
702425
45814
269125
439140
1047981
636819
77477
276936
130057
75114
44397
250393
59849
115065
54679
366361
996797
100423
129915
53835
70837
96659
90287
47687
421639
613006
103357
91006
242237
79810
40358
462522
697218
1512169
214248
346289
257596
60847
1435439
325075
110356
1582427
73868
95825
112831
623171
255522
90439
68661
40835
441714
63558
550198
331746
96065
41141
138199
75991
472063
225949
44058
1088225
601647
138557
269124
103212
61755
129914
76713
85550
94152
1582377
81936
1088141
472046
96914
914816
44016
120628
138203
762608
81082
956447
1017020
48336
88991
101330
613708
118299
289677
93365
40172
36374
43208
42432
60517
1382600
47851
68595
789797
147499
60844
57469
259164
131091
129111
48346
1458695
462517
569947
76057
472083
271877
471994
112544
104290
52137
129110
104646
152776
669969
255239
98767
472024
39158
51141
994069
1436275
1716274
88628
375264
904481
42986
71316
376243
663109
56104
51140
81568
110928
366248
747838
700908
37289
96957
293457
195684
94019
285602
289665
479929
325010
472048
49420
40921
101634
65641
84614
518038
1706456
40449
500105
366727
129920
1066900
301888
45409
1582396
49901
849722
462537
126545
701637
109575
59301
89418
1146178
1396886
921798
56109
113855
80557
118682
86235
167107
71382
167069
211915
1411696
94669
70869
44400
428603
1066898
109176
36371
167108
255658
100322
1436277
126197
38641
953786
39495
1207667
129867
204956
65619
74150
58564
1517923
88578
567030
472081
276935
498430
1017012
84758
98518
91455
977256
175914
674848
1037021
472187
196211
74599
116063
649193
60745
132563
118306
593079
1018274
1458693
73417
233198
113957
44498
101881
472000
71992
1483721
97866
135671
60918
1458689
111240
65587
87397
59299
65584
470186
45619
214253
124186
314441
73068
441717
91355
40666
199662
1088053
697212
99276
72226
518088
1179043
84321
496387
89421
98535
73266
52134
358353
39463
697224
102375
36088
97731
191077
73783
180692
40846
37093
42575
269443
112423
856325
821370
130975
69985
1458668
59753
49421
87151
509309
65444
548862
99900
55660
1313535
131601
97130
60863
1582399
105330
958477
56630
84640
108616
931880
914681
116870
446789
271875
117014
97843
95315
129973
104563
269119
42193
73339
104510
242236
565653
122352
73156
91420
286985
65141
121400
441718
39923
149255
65004
1315833
331795
82257
1207662
56621
34785
777040
159696
74447
77947
103194
42962
325080
1146260
52136
100047
103356
215991
858856
94675
56496
67889
1207651
99269
43690
93151
472039
65644
325079
40876
125068
497978
104442
50098
702427
42897
441710
458126
65588
509313
199664
856326
133993
80516
113128
888460
200694
280284
105686
191963
50113
106037
257593
472099
132450
110782
44025
63466
60260
39648
630796
78329
472051
46265
94884
762587
90281
96778
702386
39749
39950
99894
1458675
99866
66108
111403
124035
65144
697205
894833
958469
199820
53404
472127
814673
535201
91607
89420
271301
294160
100034
121401
42326
76712
591230
204955
635754
63462
1120777
125069
372058
135676
270940
260537
53123
79191
101635
1093114
132449
98763
83814
132420
49548
472112
1356107
56106
135220
94082
76572
39549
90433
170134
206319
301920
52857
472139
43868
37280
1396888
66112
441728
57429
44234
110780
38741
46665
43665
940047
49424
86164
1277085
842507
75493
1535139
88147
135673
827773
495915
1036654
95476
49884
55657
1088055
238637
1368072
60955
91946
94736
1036393
162100
68372
827775
70381
1036313
110910
960066
115067
1489592
100645
108578
54136
229598
64444
95432
225354
94145
95404
60328
67924
726664
697612
56892
157581
74463
37748
325065
58877
1230687
77844
343541
53091
72363
58113
779999
61463
1036655
93545
51701
83006
78298
97174
68814
462518
472171
1129080
83166
68646
1706463
428606
80757
110905
98006
397011
39497
68255
199661
90441
70833
138204
239191
472154
682291
44901
904505
250395
69981
135365
214252
52862
1681124
94482
790182
108313
81182
83598
140545
69268
49891
90280
37276
1174396
428604
105695
86242
95425
58876
703556
39572
187285
105761
77166
46260
357816
110934
237635
79861
1038436
175194
567031
77015
1490842
80363
479931
423819
128336
100642
387872
96543
472037
106788
1207655
1706457
77942
126283
1745354
375243
1706476
259008
75986
100075
472068
1620063
69701
1382597
44874
331326
289691
375252
794006
1273628
57419
68645
59226
99902
44001
77931
42043
472205
472080
91120
95494
68742
96450
110353
415278
135066
815482
40066
39891
91915
96653
68334
472152
101558
226684
97177
237628
121399
153960
100679
375278
49867
90088
105688
311322
96075
104511
472136
527584
1063857
827640
86848
225935
1356634
91942
325086
131733
225936
1036317
1064115
940414
80756
500098
353686
44059
833874
196130
940038
53885
112925
113865
55428
84033
65778
215993
289678
68381
57854
500091
73414
165847
132204
1176416
83716
550808
44949
38494
69707
314438
113344
68933
129927
48942
107543
133568
373701
289672
80410
57937
91123
69880
1592666
94888
86379
107149
106557
96541
72317
132434
129916
200006
1148096
95778
679615
325076
114077
48557
121398
331749
81635
229607
697230
814666
102793
636807
740249
92837
232910
1384322
940381
84030
37966
72881
375253
1344037
148293
325193
75977
38644
91656
80020
77935
107586
1082149
1628448
45090
271871
39360
1273630
73090
129288
286986
48559
113221
82326
118307
1088138
686056
472010
1005587
86160
81260
263199
113225
89448
178192
289675
214904
91007
849724
1356633
68454
815479
106831
78970
44096
77919
229606
1165782
118905
107440
106039
437348
1519471
522979
128911
858851
72419
100831
